contractSymbol,lastTradeDate,strike,lastPrice,bid,ask,change,percentChange,volume,openInterest,impliedVolatility,inTheMoney,contractSize,currency,type
QQQ261030C00470000,2026-08-20 15:03:46+00:00,470.0,247.83,252.62,255.25,0.0,0.0,,1,0.7326686889648437,True,REGULAR,USD,call
QQQ261030C00485000,2026-07-29 19:56:22+00:00,485.0,185.19,234.4,237.93,0.0,0.0,,2,0.6246375427246094,True,REGULAR,USD,call
QQQ261030C00490000,2026-09-16 19:16:14+00:00,490.0,214.33,232.77,235.39,0.0,0.0,1.0,1,0.6793244958496094,True,REGULAR,USD,call
QQQ261030C00500000,2026-09-11 19:20:23+00:00,500.0,218.23,222.86,225.28,0.0,0.0,1.0,1,0.6488682574462892,True,REGULAR,USD,call
QQQ261030C00515000,2026-09-10 20:07:14+00:00,515.0,196.7,207.99,210.42,0.0,0.0,,1,0.6110878735351564,True,REGULAR,USD,call
QQQ261030C00520000,2026-09-16 14:59:52+00:00,520.0,193.11,203.04,205.54,0.0,0.0,1.0,3,0.6003457934570313,True,REGULAR,USD,call
QQQ261030C00525000,2026-09-16 18:59:59+00:00,525.0,182.09,198.21,200.6,0.0,0.0,10.0,11,0.5907023352050782,True,REGULAR,USD,call
QQQ261030C00530000,2026-09-18 18:38:20+00:00,530.0,190.01,193.14,195.65,-4.4600067,-2.2934163,10.0,1,0.5758099060058592,True,REGULAR,USD,call
QQQ261030C00540000,2026-09-16 19:09:30+00:00,540.0,166.57,183.37,185.69,0.0,0.0,10.0,12,0.5523726403808593,True,REGULAR,USD,call
QQQ261030C00550000,2026-09-18 16:18:52+00:00,550.0,169.04,173.49,175.85,-0.41000366,-0.24196145,16.0,68,0.5290574438476563,True,REGULAR,USD,call
QQQ261030C00560000,2026-09-18 18:54:58+00:00,560.0,161.68,163.63,165.95,-2.4100037,-1.4687085,10.0,14,0.5048267291259765,True,REGULAR,USD,call
QQQ261030C00565000,2026-09-14 15:53:10+00:00,565.0,148.14,158.58,161.09,0.0,0.0,1.0,2,0.5314377911376953,True,REGULAR,USD,call
QQQ261030C00570000,2026-09-18 17:03:07+00:00,570.0,149.24,153.78,156.14,10.590012,7.6379466,2.0,4,0.5179491564941407,True,REGULAR,USD,call
QQQ261030C00575000,2026-09-15 17:01:46+00:00,575.0,134.47,148.74,151.19,0.0,0.0,1.0,3,0.5043994873046875,True,REGULAR,USD,call
QQQ261030C00580000,2026-09-17 18:57:35+00:00,580.0,139.36,143.94,146.28,0.0,0.0,10.0,46,0.4920094744873047,True,REGULAR,USD,call
QQQ261030C00585000,2026-09-08 14:48:58+00:00,585.0,137.41,138.92,141.37,0.0,0.0,3.0,5,0.47949739257812496,True,REGULAR,USD,call
QQQ261030C00590000,2026-09-10 14:34:14+00:00,590.0,125.12,134.13,136.47,0.0,0.0,2.0,16,0.46722944885253903,True,REGULAR,USD,call
QQQ261030C00595000,2026-09-17 13:30:03+00:00,595.0,124.48,129.24,131.58,0.0,0.0,2.0,5,0.45508357421875,True,REGULAR,USD,call
QQQ261030C00600000,2026-09-18 16:23:25+00:00,600.0,119.75,124.36,126.72,4.25,3.6796536,3.0,14,0.4435480450439453,True,REGULAR,USD,call
QQQ261030C00605000,2026-08-18 15:00:27+00:00,605.0,120.85,119.36,121.86,0.0,0.0,,1,0.4318904467773438,True,REGULAR,USD,call
QQQ261030C00606000,2026-08-28 18:06:54+00:00,606.0,116.65,118.39,120.85,0.0,0.0,,2,0.4286861331176758,True,REGULAR,USD,call
QQQ261030C00608000,2026-09-02 13:38:46+00:00,608.0,105.03,116.44,118.97,0.0,0.0,3.0,3,0.42542078491210944,True,REGULAR,USD,call
QQQ261030C00610000,2026-09-18 13:53:42+00:00,610.0,112.07,114.5,116.97,1.1200027,1.0094662,29.0,4,0.4194393994140625,True,REGULAR,USD,call
QQQ261030C00613000,2026-08-03 14:03:46+00:00,613.0,93.62,110.26,112.83,0.0,0.0,1.0,1,0.38410039733886714,True,REGULAR,USD,call
QQQ261030C00614000,2026-09-10 14:35:21+00:00,614.0,102.71,110.62,113.15,0.0,0.0,1.0,3,0.41138283935546877,True,REGULAR,USD,call
QQQ261030C00615000,2026-09-17 15:42:17+00:00,615.0,105.73,109.77,112.18,0.0,0.0,1.0,6,0.40903300933837883,True,REGULAR,USD,call
QQQ261030C00616000,2026-08-26 16:11:25+00:00,616.0,101.12,108.68,111.22,0.0,0.0,,2,0.4068662829589844,True,REGULAR,USD,call
QQQ261030C00617000,2026-08-04 18:49:06+00:00,617.0,118.33,106.46,109.02,0.0,0.0,2.0,2,0.37708142456054683,True,REGULAR,USD,call
QQQ261030C00618000,2026-08-28 16:24:07+00:00,618.0,105.59,106.75,109.33,0.0,0.0,,1,0.4031431756591797,True,REGULAR,USD,call
QQQ261030C00619000,2026-09-09 13:57:11+00:00,619.0,105.12,105.78,108.32,0.0,0.0,1.0,4,0.39990834472656256,True,REGULAR,USD,call
QQQ261030C00620000,2026-09-10 14:34:14+00:00,620.0,96.63,104.98,107.39,0.0,0.0,2.0,20,0.39835196380615234,True,REGULAR,USD,call
QQQ261030C00622000,2026-09-16 19:49:54+00:00,622.0,87.88,104.13,104.77,0.0,0.0,1.0,4,0.3792786682128906,True,REGULAR,USD,call
QQQ261030C00623000,2026-09-15 17:04:11+00:00,623.0,88.89,103.16,103.8,0.0,0.0,1.0,3,0.3769288381958008,True,REGULAR,USD,call
QQQ261030C00624000,2026-09-14 18:08:47+00:00,624.0,94.41,102.2,102.85,0.0,0.0,1.0,2,0.37500625,True,REGULAR,USD,call
QQQ261030C00625000,2026-09-18 19:04:37+00:00,625.0,98.47,101.24,101.88,1.8199997,1.883083,10.0,78,0.3726869372558594,True,REGULAR,USD,call
QQQ261030C00629000,2026-07-29 16:57:10+00:00,629.0,63.12,95.15,97.69,0.0,0.0,,1,0.35681795532226557,True,REGULAR,USD,call
QQQ261030C00630000,2026-09-18 19:00:53+00:00,630.0,93.19,96.37,97.08,1.5600052,1.7025049,2.0,17,0.3618533053588867,True,REGULAR,USD,call
QQQ261030C00631000,2026-08-21 19:57:17+00:00,631.0,92.56,95.47,96.11,0.0,0.0,2.0,2,0.3594424407958984,True,REGULAR,USD,call
QQQ261030C00633000,2026-08-04 13:55:11+00:00,633.0,96.2,91.42,93.95,0.0,0.0,,76,0.35025674163818354,True,REGULAR,USD,call
QQQ261030C00635000,2026-09-18 19:56:53+00:00,635.0,90.27,91.67,92.3,5.459999,6.4379187,2.0,10,0.3511417425537109,True,REGULAR,USD,call
QQQ261030C00637000,2026-07-31 14:48:49+00:00,637.0,69.26,87.72,90.22,0.0,0.0,1.0,1,0.3435429415893554,True,REGULAR,USD,call
QQQ261030C00640000,2026-09-16 14:48:41+00:00,640.0,76.31,86.91,87.55,0.0,0.0,1.0,36,0.3407048352050781,True,REGULAR,USD,call
QQQ261030C00642000,2026-08-21 19:49:24+00:00,642.0,82.55,85.01,85.66,0.0,0.0,2.0,2,0.33661552062988287,True,REGULAR,USD,call
QQQ261030C00643000,2026-08-28 14:48:08+00:00,643.0,87.54,84.08,84.72,0.0,0.0,1.0,3,0.3346318978881836,True,REGULAR,USD,call
QQQ261030C00645000,2026-09-18 18:00:39+00:00,645.0,77.65,82.2,82.82,5.959999,8.31357,2.0,5,0.3302679278564453,True,REGULAR,USD,call
QQQ261030C00647000,2026-09-18 13:30:09+00:00,647.0,77.89,80.32,80.94,5.5999985,7.7465744,1.0,3,0.3262091305541992,True,REGULAR,USD,call
QQQ261030C00649000,2026-08-31 14:44:45+00:00,649.0,74.72,78.38,79.07,0.0,0.0,,1,0.32227240234374993,True,REGULAR,USD,call
QQQ261030C00650000,2026-09-18 17:07:26+00:00,650.0,72.63,77.45,78.14,4.2699966,6.246338,12.0,77,0.32034981414794916,True,REGULAR,USD,call
QQQ261030C00651000,2026-08-14 14:47:26+00:00,651.0,91.96,76.52,77.22,0.0,0.0,,2,0.3185798123168945,True,REGULAR,USD,call
QQQ261030C00655000,2026-09-18 19:32:44+00:00,655.0,69.96,72.86,73.49,2.5299988,3.7520373,7.0,108,0.31046221771240234,True,REGULAR,USD,call
QQQ261030C00657000,2026-09-14 16:44:05+00:00,657.0,62.51,71.01,71.65,0.0,0.0,1.0,2,0.30667807586669915,True,REGULAR,USD,call
QQQ261030C00658000,2026-09-16 18:35:14+00:00,658.0,58.61,70.05,70.72,0.0,0.0,1.0,2,0.3046029013061523,True,REGULAR,USD,call
QQQ261030C00659000,2026-09-17 16:35:16+00:00,659.0,64.58,69.14,69.8,0.0,0.0,1.0,4,0.3026803131103516,True,REGULAR,USD,call
QQQ261030C00660000,2026-09-18 17:12:50+00:00,660.0,63.45,68.25,68.89,1.8100014,2.936407,4.0,94,0.3008797940063477,True,REGULAR,USD,call
QQQ261030C00661000,2026-09-17 17:28:16+00:00,661.0,62.69,67.31,67.97,0.0,0.0,1.0,8,0.2988961712646484,True,REGULAR,USD,call
QQQ261030C00662000,2026-08-05 13:34:36+00:00,662.0,82.07,65.2,67.82,0.0,0.0,,1,0.3086006640625,True,REGULAR,USD,call
QQQ261030C00664000,2026-09-04 14:46:05+00:00,664.0,63.6,64.62,65.24,0.0,0.0,2.0,7,0.29325047576904284,True,REGULAR,USD,call
QQQ261030C00665000,2026-09-18 14:21:30+00:00,665.0,59.05,63.69,64.35,10.23,20.954525,1.0,14,0.2916330603027343,True,REGULAR,USD,call
QQQ261030C00666000,2026-09-10 15:03:08+00:00,666.0,56.18,62.79,63.44,0.0,0.0,2.0,12,0.28967995483398434,True,REGULAR,USD,call
QQQ261030C00667000,2026-07-30 14:20:55+00:00,667.0,45.6,61.24,61.91,0.0,0.0,,2,0.2784801156616211,True,REGULAR,USD,call
QQQ261030C00668000,2026-09-14 16:27:36+00:00,668.0,52.72,61.0,61.64,0.0,0.0,1.0,19,0.28598736480712883,True,REGULAR,USD,call
QQQ261030C00669000,2026-09-11 15:48:44+00:00,669.0,57.81,60.1,60.75,0.0,0.0,1.0,2,0.28424788024902337,True,REGULAR,USD,call
QQQ261030C00670000,2026-09-14 18:44:29+00:00,670.0,52.72,59.21,59.85,0.0,0.0,5.0,39,0.28234055068969727,True,REGULAR,USD,call
QQQ261030C00671000,2026-09-08 19:10:43+00:00,671.0,58.78,58.33,58.97,0.0,0.0,3.0,12,0.28067735931396476,True,REGULAR,USD,call
QQQ261030C00672000,2026-09-04 14:28:43+00:00,672.0,57.43,57.44,58.08,0.0,0.0,2.0,12,0.2788463229370117,True,REGULAR,USD,call
QQQ261030C00673000,2026-09-14 15:32:21+00:00,673.0,46.51,56.57,57.19,0.0,0.0,1.0,68,0.27698476928710936,True,REGULAR,USD,call
QQQ261030C00674000,2026-09-18 14:33:30+00:00,674.0,50.95,55.53,56.3,1.9799995,4.0432906,4.0,11,0.275123215637207,True,REGULAR,USD,call
QQQ261030C00675000,2026-09-18 16:33:49+00:00,675.0,49.91,54.82,55.44,-0.88000107,-1.7326266,1.0,29,0.2735973519897461,True,REGULAR,USD,call
QQQ261030C00676000,2026-09-16 18:35:29+00:00,676.0,43.18,53.95,54.56,0.0,0.0,2.0,14,0.2717968328857422,True,REGULAR,USD,call
QQQ261030C00677000,2026-09-15 18:11:36+00:00,677.0,41.2,53.07,53.7,0.0,0.0,4.0,70,0.27020993469238286,True,REGULAR,USD,call
QQQ261030C00678000,2026-09-14 13:43:24+00:00,678.0,40.0,52.2,52.82,0.0,0.0,4.0,6,0.2683331224060058,True,REGULAR,USD,call
QQQ261030C00679000,2026-09-18 17:13:42+00:00,679.0,46.98,51.33,51.95,4.1899986,9.792005,1.0,87,0.26654786193847657,True,REGULAR,USD,call
QQQ261030C00680000,2026-09-18 18:53:18+00:00,680.0,47.81,50.48,51.1,3.0600014,6.8379917,23.0,93,0.26499148101806635,True,REGULAR,USD,call
QQQ261030C00681000,2026-09-15 15:38:36+00:00,681.0,38.32,49.62,50.22,0.0,0.0,4.0,6,0.2630078582763672,True,REGULAR,USD,call
QQQ261030C00682000,2026-09-17 16:40:08+00:00,682.0,44.76,48.76,49.37,0.0,0.0,1.0,97,0.26139044281005863,True,REGULAR,USD,call
QQQ261030C00683000,2026-08-21 15:57:19+00:00,683.0,50.2,47.91,48.52,0.0,0.0,4.0,44,0.25972725143432623,True,REGULAR,USD,call
QQQ261030C00684000,2026-09-18 14:09:18+00:00,684.0,42.77,47.07,47.67,-8.66,-16.83842,4.0,39,0.2580335427856446,True,REGULAR,USD,call
QQQ261030C00685000,2026-09-18 19:55:57+00:00,685.0,45.2,46.22,46.84,2.8400002,6.704438,12.0,29,0.25653819641113285,True,REGULAR,USD,call
QQQ261030C00686000,2026-09-16 13:44:00+00:00,686.0,36.13,45.39,45.98,0.0,0.0,2.0,32,0.25461560821533213,True,REGULAR,USD,call
QQQ261030C00687000,2026-09-15 19:37:38+00:00,687.0,32.7,44.55,45.14,0.0,0.0,5.0,82,0.252937158203125,True,REGULAR,USD,call
QQQ261030C00688000,2026-09-15 18:06:03+00:00,688.0,32.68,43.72,44.31,0.0,0.0,5.0,9,0.25131974273681634,True,REGULAR,USD,call
QQQ261030C00689000,2026-09-16 17:48:24+00:00,689.0,34.41,42.89,43.48,0.0,0.0,1.0,10,0.24965655136108394,True,REGULAR,USD,call
QQQ261030C00690000,2026-09-18 18:21:53+00:00,690.0,38.55,42.07,42.67,0.0,0.0,8.0,62,0.24820698089599608,True,REGULAR,USD,call
QQQ261030C00691000,2026-09-10 20:08:59+00:00,691.0,35.17,41.26,41.84,0.0,0.0,20.0,29,0.24645223770141605,True,REGULAR,USD,call
QQQ261030C00692000,2026-09-17 15:35:03+00:00,692.0,36.58,40.44,41.02,0.0,0.0,4.0,50,0.2447890463256836,True,REGULAR,USD,call
QQQ261030C00693000,2026-09-16 15:03:05+00:00,693.0,32.29,39.63,40.21,0.0,0.0,1.0,107,0.243171630859375,True,REGULAR,USD,call
QQQ261030C00694000,2026-09-16 19:10:27+00:00,694.0,27.21,38.83,39.4,0.0,0.0,1.0,67,0.24153895675659182,True,REGULAR,USD,call
QQQ261030C00695000,2026-09-18 19:40:33+00:00,695.0,35.72,38.03,38.69,1.5200005,4.4444456,55.0,304,0.24100490447998046,True,REGULAR,USD,call
QQQ261030C00696000,2026-09-17 19:09:15+00:00,696.0,33.73,37.24,37.8,0.0,0.0,1.0,79,0.23833464309692381,True,REGULAR,USD,call
QQQ261030C00697000,2026-09-18 17:13:42+00:00,697.0,32.68,36.45,37.01,7.7299995,30.98196,2.0,73,0.23677826217651365,True,REGULAR,USD,call
QQQ261030C00698000,2026-09-17 15:34:43+00:00,698.0,31.89,35.66,36.22,0.0,0.0,2.0,58,0.23517610534667968,True,REGULAR,USD,call
QQQ261030C00699000,2026-09-18 16:23:46+00:00,699.0,30.27,34.89,35.44,-1.3299999,-4.208861,3.0,49,0.2336197244262695,True,REGULAR,USD,call
QQQ261030C00700000,2026-09-18 19:58:21+00:00,700.0,33.33,34.12,34.76,3.0300026,10.000009,27.0,1129,0.23313144805908204,True,REGULAR,USD,call
QQQ261030C00701000,2026-09-17 19:51:06+00:00,701.0,30.5,33.34,33.9,0.0,0.0,30.0,201,0.23059851440429688,True,REGULAR,USD,call
QQQ261030C00702000,2026-09-18 20:05:19+00:00,702.0,32.34,32.55,33.22,3.33,11.478801,5.0,75,0.2299881689453125,True,REGULAR,USD,call
QQQ261030C00703000,2026-09-18 19:19:03+00:00,703.0,29.7,31.83,32.37,1.4700012,5.2072306,2.0,112,0.2274552352905273,True,REGULAR,USD,call
QQQ261030C00704000,2026-09-18 16:12:11+00:00,704.0,27.21,31.08,31.45,-0.7600002,-2.717198,1.0,272,0.22409833526611322,True,REGULAR,USD,call
QQQ261030C00705000,2026-09-18 20:01:42+00:00,705.0,29.79,30.33,30.69,2.1900005,7.934785,76.0,398,0.22245040252685544,True,REGULAR,USD,call
QQQ261030C00706000,2026-09-18 19:51:28+00:00,706.0,28.0,29.6,29.95,0.75,2.7522936,57.0,158,0.22095505615234373,True,REGULAR,USD,call
QQQ261030C00707000,2026-09-18 16:11:27+00:00,707.0,25.1,28.86,29.23,-0.44999886,-1.761248,1.0,304,0.2196275547790527,True,REGULAR,USD,call
QQQ261030C00708000,2026-09-18 19:57:47+00:00,708.0,27.75,28.14,28.49,2.83,11.35634,5.0,361,0.2180101393127441,True,REGULAR,USD,call
QQQ261030C00709000,2026-09-18 19:59:18+00:00,709.0,26.8,27.42,27.78,2.039999,8.239092,2.0,258,0.2166521206665039,True,REGULAR,USD,call
QQQ261030C00710000,2026-09-18 20:04:05+00:00,710.0,26.53,26.71,27.06,2.9099998,12.320067,166.0,867,0.21512625701904298,True,REGULAR,USD,call
QQQ261030C00711000,2026-09-18 19:52:06+00:00,711.0,24.41,26.03,26.37,1.5599995,6.827131,6.0,232,0.2138445315551758,True,REGULAR,USD,call
QQQ261030C00712000,2026-09-18 13:38:12+00:00,712.0,23.56,25.32,25.66,1.1399994,5.084743,14.0,306,0.2122881506347656,True,REGULAR,USD,call
QQQ261030C00713000,2026-09-18 14:36:16+00:00,713.0,21.16,24.63,24.98,-0.6499996,-2.9802825,3.0,176,0.21097590789794918,True,REGULAR,USD,call
QQQ261030C00714000,2026-09-18 19:58:24+00:00,714.0,23.37,23.95,24.31,2.2800007,10.810814,29.0,439,0.2097094410705566,True,REGULAR,USD,call
QQQ261030C00715000,2026-09-18 20:01:42+00:00,715.0,22.83,23.29,23.62,2.6299992,13.019797,42.0,719,0.20815306015014645,True,REGULAR,USD,call
QQQ261030C00716000,2026-09-18 20:11:41+00:00,716.0,22.88,22.63,22.96,2.75,13.661202,157.0,318,0.20682555877685543,True,REGULAR,USD,call
QQQ261030C00717000,2026-09-18 20:10:20+00:00,717.0,21.96,22.01,22.31,2.7699986,14.434593,300.0,289,0.20554383331298826,True,REGULAR,USD,call
QQQ261030C00718000,2026-09-18 20:06:51+00:00,718.0,20.92,21.37,21.66,1.8999996,9.989483,472.0,476,0.204185814666748,True,REGULAR,USD,call
QQQ261030C00719000,2026-09-18 19:37:21+00:00,719.0,19.49,20.74,21.04,1.0100002,5.465369,27.0,364,0.2030414169311523,True,REGULAR,USD,call
QQQ261030C00720000,2026-09-18 20:14:02+00:00,720.0,20.36,20.1,20.4,2.8900013,16.542652,737.0,1212,0.20163762237548827,True,REGULAR,USD,call
QQQ261030C00721000,2026-09-18 20:07:22+00:00,721.0,19.28,19.52,19.79,2.4400005,14.489315,88.0,457,0.2004474487304687,True,REGULAR,USD,call
QQQ261030C00722000,2026-09-18 20:10:20+00:00,722.0,18.86,18.9,19.18,2.4400005,14.859931,27.0,471,0.19916572326660154,False,REGULAR,USD,call
QQQ261030C00723000,2026-09-18 20:13:28+00:00,723.0,18.58,18.28,18.58,2.42,14.975247,180.0,543,0.1979297737121582,False,REGULAR,USD,call
QQQ261030C00724000,2026-09-18 20:09:07+00:00,724.0,17.45,17.77,18.0,1.6600008,10.512988,43.0,156,0.1968006346130371,False,REGULAR,USD,call
QQQ261030C00725000,2026-09-18 20:06:24+00:00,725.0,16.9,17.13,17.42,2.1499996,14.576269,240.0,647,0.19557994369506837,False,REGULAR,USD,call
QQQ261030C00726000,2026-09-18 20:08:08+00:00,726.0,16.32,16.63,16.86,1.7999992,12.396688,15.0,337,0.1944965805053711,False,REGULAR,USD,call
QQQ261030C00727000,2026-09-18 19:51:57+00:00,727.0,15.06,16.02,16.3,1.1400003,8.189657,69.0,333,0.19330640686035155,False,REGULAR,USD,call
QQQ261030C00728000,2026-09-18 19:33:58+00:00,728.0,14.53,15.45,15.76,0.71000004,5.137482,19.0,393,0.1922383023071289,False,REGULAR,USD,call
QQQ261030C00729000,2026-09-18 20:03:29+00:00,729.0,14.68,14.94,15.22,1.8299999,14.241244,44.0,494,0.19107864593505858,False,REGULAR,USD,call
QQQ261030C00730000,2026-09-18 20:02:26+00:00,730.0,14.15,14.46,14.7,1.3999996,10.98039,377.0,2077,0.1900410586547852,False,REGULAR,USD,call
QQQ261030C00731000,2026-09-18 19:24:57+00:00,731.0,12.46,13.97,14.19,0.5699997,4.793942,9.0,66,0.18900347137451173,False,REGULAR,USD,call
QQQ261030C00735000,2026-09-18 20:03:07+00:00,735.0,11.72,11.98,12.25,1.25,11.938872,115.0,970,0.18497519134521478,False,REGULAR,USD,call
QQQ261030C00736000,2026-09-18 19:56:45+00:00,736.0,10.94,11.52,11.79,0.8499994,8.424176,115.0,115,0.18399863861083982,False,REGULAR,USD,call
QQQ261030C00737000,2026-09-18 18:45:46+00:00,737.0,9.33,11.1,11.35,-0.3800001,-3.9134924,14.0,41,0.18311363769531247,False,REGULAR,USD,call
QQQ261030C00738000,2026-09-18 17:10:23+00:00,738.0,8.6,10.63,10.91,-0.39999962,-4.4444404,62.0,97,0.1821370849609375,False,REGULAR,USD,call
QQQ261030C00739000,2026-09-18 19:55:26+00:00,739.0,9.75,10.28,10.49,0.8500004,9.550567,70.0,155,0.18128260131835935,False,REGULAR,USD,call
QQQ261030C00740000,2026-09-18 20:12:10+00:00,740.0,10.05,9.87,10.08,1.4099998,16.319443,879.0,2264,0.18042811767578126,False,REGULAR,USD,call
QQQ261030C00741000,2026-09-18 19:57:35+00:00,741.0,9.08,9.49,9.68,1.0299997,12.795027,32.0,114,0.1795888926696777,False,REGULAR,USD,call
QQQ261030C00742000,2026-09-18 20:00:00+00:00,742.0,8.53,9.09,9.29,0.5499997,6.8922267,126.0,30,0.1787496676635742,False,REGULAR,USD,call
QQQ261030C00743000,2026-09-18 18:45:08+00:00,743.0,7.1,8.71,8.91,-0.1800003,-2.4725316,53.0,39,0.1779257012939453,False,REGULAR,USD,call
QQQ261030C00744000,2026-09-18 19:49:29+00:00,744.0,7.43,8.35,8.54,0.26999998,3.7709496,71.0,78,0.1771017349243164,False,REGULAR,USD,call
QQQ261030C00745000,2026-09-18 20:12:02+00:00,745.0,8.18,7.99,8.19,1.1800003,16.857147,242.0,839,0.1763998376464844,False,REGULAR,USD,call
QQQ261030C00746000,2026-09-18 20:13:32+00:00,746.0,7.69,7.62,7.84,1.21,18.67284,9.0,79,0.1756063885498047,False,REGULAR,USD,call
QQQ261030C00747000,2026-09-18 19:59:58+00:00,747.0,6.87,7.32,7.51,0.80999994,13.366336,16.0,30,0.17491974990844728,False,REGULAR,USD,call
QQQ261030C00750000,2026-09-18 20:11:25+00:00,750.0,6.5,6.39,6.57,1.0999999,20.370369,419.0,4084,0.17284457534790043,False,REGULAR,USD,call
QQQ261030C00751000,2026-09-18 16:47:25+00:00,751.0,4.65,6.08,6.28,-0.5,-9.708737,4.0,28,0.17221897125244146,False,REGULAR,USD,call
QQQ261030C00752000,2026-09-18 20:11:54+00:00,752.0,6.0,5.83,6.0,1.0500002,21.212126,129.0,93,0.17162388442993165,False,REGULAR,USD,call
QQQ261030C00753000,2026-09-18 18:13:04+00:00,753.0,4.23,5.56,5.73,-0.32000017,-7.03297,68.0,52,0.17104405624389651,False,REGULAR,USD,call
QQQ261030C00755000,2026-09-18 20:10:20+00:00,755.0,5.0,5.04,5.23,0.7199998,16.822424,153.0,1476,0.1700827621459961,False,REGULAR,USD,call
QQQ261030C00756000,2026-09-18 19:39:21+00:00,756.0,4.12,4.8,4.98,0.03999996,0.98039126,13.0,40,0.1694418994140625,False,REGULAR,USD,call
QQQ261030C00757000,2026-09-18 20:11:54+00:00,757.0,4.76,4.57,4.75,1.1400003,31.491722,7.0,28,0.16898414031982423,False,REGULAR,USD,call
QQQ261030C00758000,2026-09-18 20:05:38+00:00,758.0,4.26,4.38,4.54,0.64000034,17.679567,16.0,212,0.16867896759033207,False,REGULAR,USD,call
QQQ261030C00759000,2026-09-18 20:12:13+00:00,759.0,4.31,4.14,4.31,0.69000006,19.060776,161.0,533,0.16797707031250003,False,REGULAR,USD,call
QQQ261030C00760000,2026-09-18 20:12:13+00:00,760.0,4.12,3.95,4.12,0.8499999,25.993881,397.0,2404,0.1677634494018555,False,REGULAR,USD,call
QQQ261030C00765000,2026-09-18 20:04:07+00:00,765.0,3.0,3.08,3.22,0.44000006,17.187504,112.0,1755,0.16596293029785159,False,REGULAR,USD,call
QQQ261030C00770000,2026-09-18 20:13:38+00:00,770.0,2.44,2.4,2.47,0.37000012,17.874403,308.0,1554,0.1640098248291016,False,REGULAR,USD,call
QQQ261030C00775000,2026-09-18 20:10:21+00:00,775.0,1.83,1.85,1.94,0.20000005,12.269941,166.0,985,0.1638267211914063,False,REGULAR,USD,call
QQQ261030C00780000,2026-09-18 19:57:51+00:00,780.0,1.34,1.43,1.5,0.100000024,8.064518,287.0,1261,0.16342999664306646,False,REGULAR,USD,call
QQQ261030C00785000,2026-09-18 19:58:06+00:00,785.0,1.02,1.08,1.17,0.06999999,7.36842,80.0,359,0.1637046520996094,False,REGULAR,USD,call
QQQ261030C00790000,2026-09-18 18:46:31+00:00,790.0,0.67,0.83,0.91,-0.06999999,-9.459458,180.0,1033,0.16413189392089844,False,REGULAR,USD,call
QQQ261030C00795000,2026-09-18 17:31:28+00:00,795.0,0.51,0.66,0.72,-0.04000002,-7.2727304,22.0,179,0.16529155029296877,False,REGULAR,USD,call
QQQ261030C00800000,2026-09-18 20:04:42+00:00,800.0,0.52,0.52,0.58,0.089999974,20.930225,418.0,1121,0.1671225866699219,False,REGULAR,USD,call
QQQ261030C00805000,2026-09-18 19:57:20+00:00,805.0,0.39,0.41,0.46,0.01999998,5.4054003,18.0,366,0.16846534667968754,False,REGULAR,USD,call
QQQ261030C00810000,2026-09-18 17:31:28+00:00,810.0,0.27,0.33,0.4,-0.01999998,-6.8965454,3.0,426,0.17237155761718753,False,REGULAR,USD,call
QQQ261030C00815000,2026-09-18 18:52:36+00:00,815.0,0.23,0.26,0.33,-0.00999999,-4.1666627,20.0,308,0.17469087036132813,False,REGULAR,USD,call
QQQ261030C00820000,2026-09-18 19:13:12+00:00,820.0,0.2,0.21,0.28,0.010000005,5.2631607,70.0,322,0.17774259765625,False,REGULAR,USD,call
QQQ261030C00825000,2026-09-18 19:52:02+00:00,825.0,0.17,0.17,0.23,0.019999996,13.333329,7.0,150,0.179695703125,False,REGULAR,USD,call
QQQ261030C00830000,2026-09-18 13:33:17+00:00,830.0,0.14,0.13,0.2,0.0,0.0,3.0,251,0.18311363769531247,False,REGULAR,USD,call
QQQ261030C00835000,2026-09-18 17:59:34+00:00,835.0,0.11,0.1,0.17,0.04,57.142857,2.0,257,0.18579915771484373,False,REGULAR,USD,call
QQQ261030C00840000,2026-09-18 13:55:27+00:00,840.0,0.13,0.08,0.14,0.029999994,29.999992,1.0,438,0.18775226318359373,False,REGULAR,USD,call
QQQ261030C00845000,2026-09-16 19:21:46+00:00,845.0,0.03,0.06,0.12,0.0,0.0,5.0,28,0.19068192138671874,False,REGULAR,USD,call
QQQ261030C00850000,2026-09-14 14:22:00+00:00,850.0,0.05,0.04,0.1,0.0,0.0,4.0,501,0.1928791650390625,False,REGULAR,USD,call
QQQ261030C00855000,2026-09-14 14:22:00+00:00,855.0,0.04,0.03,0.09,0.0,0.0,4.0,45,0.196297099609375,False,REGULAR,USD,call
QQQ261030C00860000,2026-09-15 18:42:04+00:00,860.0,0.05,0.02,0.08,0.0,0.0,3.0,117,0.1997150341796875,False,REGULAR,USD,call
QQQ261030C00865000,2026-09-16 19:03:41+00:00,865.0,0.02,0.01,0.08,0.0,0.0,1.0,68,0.20557435058593748,False,REGULAR,USD,call
QQQ261030C00870000,2026-09-17 14:59:09+00:00,870.0,0.02,0.01,0.07,0.0,0.0,1.0,231,0.20850400878906244,False,REGULAR,USD,call
QQQ261030C00875000,2026-09-10 18:15:01+00:00,875.0,0.03,0.01,0.07,0.0,0.0,101.0,109,0.213875048828125,False,REGULAR,USD,call
QQQ261030C00895000,2026-09-11 16:45:01+00:00,895.0,0.01,0.01,0.06,0.0,0.0,,9,0.23242955078125,False,REGULAR,USD,call
QQQ261030P00470000,2026-09-18 20:04:54+00:00,470.0,0.23,0.2,0.26,-0.029999986,-11.538457,146.0,303,0.5136767382812499,False,REGULAR,USD,put
QQQ261030P00475000,2026-09-18 17:39:23+00:00,475.0,0.26,0.2,0.27,-0.110000014,-29.729734,15.0,6,0.5034229345703125,False,REGULAR,USD,put
QQQ261030P00480000,2026-09-17 14:21:39+00:00,480.0,0.31,0.22,0.29,0.0,0.0,2.0,77,0.5048877636718749,False,REGULAR,USD,put
QQQ261030P00485000,2026-09-18 18:16:36+00:00,485.0,0.29,0.24,0.3,-0.04000002,-12.121218,41.0,206,0.495122236328125,False,REGULAR,USD,put
QQQ261030P00490000,2026-09-18 17:50:58+00:00,490.0,0.31,0.25,0.32,-0.23000002,-42.592594,21.0,75,0.4875539526367188,False,REGULAR,USD,put
QQQ261030P00495000,2026-09-18 16:23:32+00:00,495.0,0.35,0.27,0.34,-0.01000002,-2.7777834,4.0,76,0.4797415307617187,False,REGULAR,USD,put
QQQ261030P00500000,2026-09-18 19:59:20+00:00,500.0,0.33,0.29,0.36,-0.049999982,-13.15789,169.0,379,0.471684970703125,False,REGULAR,USD,put
QQQ261030P00505000,2026-09-16 19:12:05+00:00,505.0,0.62,0.31,0.36,0.0,0.0,11.0,77,0.4602104760742188,False,REGULAR,USD,put
QQQ261030P00510000,2026-09-18 14:32:44+00:00,510.0,0.41,0.33,0.38,-0.19000003,-31.666668,2.0,96,0.45215391601562505,False,REGULAR,USD,put
QQQ261030P00515000,2026-09-01 14:08:59+00:00,515.0,0.85,0.35,0.42,0.0,0.0,6.0,33,0.4467828759765625,False,REGULAR,USD,put
QQQ261030P00520000,2026-09-18 16:44:58+00:00,520.0,0.47,0.38,0.44,0.0,0.0,1.0,293,0.4382380395507813,False,REGULAR,USD,put
QQQ261030P00525000,2026-09-18 16:23:44+00:00,525.0,0.51,0.4,0.45,-0.04000002,-7.2727304,5.0,95,0.4282283740234375,False,REGULAR,USD,put
QQQ261030P00530000,2026-09-18 18:26:35+00:00,530.0,0.49,0.42,0.48,-0.050000012,-9.259261,5.0,96,0.4206600903320313,False,REGULAR,USD,put
QQQ261030P00535000,2026-09-18 13:59:04+00:00,535.0,0.54,0.45,0.51,-0.060000002,-10.0,5.0,172,0.4128476684570312,False,REGULAR,USD,put
QQQ261030P00540000,2026-09-18 18:01:45+00:00,540.0,0.57,0.48,0.54,-0.030000031,-5.000005,11.0,222,0.4050352465820312,False,REGULAR,USD,put
QQQ261030P00545000,2026-09-18 18:48:28+00:00,545.0,0.59,0.51,0.58,-0.100000024,-14.492757,10.0,1024,0.3979552392578125,False,REGULAR,USD,put
QQQ261030P00550000,2026-09-18 19:47:49+00:00,550.0,0.6,0.55,0.61,-0.089999974,-13.043474,96.0,537,0.38941040283203127,False,REGULAR,USD,put
QQQ261030P00555000,2026-09-18 17:01:08+00:00,555.0,0.72,0.59,0.65,-0.029999971,-3.9999962,1.0,72,0.38184211914062494,False,REGULAR,USD,put
QQQ261030P00560000,2026-09-18 16:41:20+00:00,560.0,0.8,0.64,0.69,-0.029999971,-3.6144545,9.0,192,0.37402969726562496,False,REGULAR,USD,put
QQQ261030P00565000,2026-09-18 19:21:34+00:00,565.0,0.77,0.68,0.74,-0.13,-14.444445,5.0,210,0.3668276208496094,False,REGULAR,USD,put
QQQ261030P00570000,2026-09-18 18:02:23+00:00,570.0,0.8,0.74,0.79,-0.14999998,-15.789472,18.0,179,0.35925933715820313,False,REGULAR,USD,put
QQQ261030P00575000,2026-09-18 19:39:49+00:00,575.0,0.85,0.78,0.84,-0.14999998,-14.999998,12.0,350,0.35144691528320304,False,REGULAR,USD,put
QQQ261030P00580000,2026-09-18 18:36:06+00:00,580.0,0.98,0.84,0.9,-0.120000005,-10.909091,16.0,445,0.34400070068359373,False,REGULAR,USD,put
QQQ261030P00585000,2026-09-18 19:40:01+00:00,585.0,1.02,0.91,0.97,-0.22000003,-17.741938,11.0,370,0.336920693359375,False,REGULAR,USD,put
QQQ261030P00590000,2026-09-18 19:57:20+00:00,590.0,1.07,0.99,1.05,-0.18999994,-15.079361,29.0,1534,0.33008482421874996,False,REGULAR,USD,put
QQQ261030P00595000,2026-09-18 20:10:43+00:00,595.0,1.09,1.07,1.13,-0.26,-19.259258,6.0,216,0.3227606787109374,False,REGULAR,USD,put
QQQ261030P00600000,2026-09-18 20:03:24+00:00,600.0,1.22,1.16,1.22,-0.25,-17.006802,143.0,1332,0.3156196368408203,False,REGULAR,USD,put
QQQ261030P00601000,2026-09-18 18:23:27+00:00,601.0,1.35,1.18,1.24,-0.19999993,-12.903221,2.0,94,0.3142158422851562,False,REGULAR,USD,put
QQQ261030P00602000,2026-09-16 15:19:08+00:00,602.0,2.03,1.2,1.26,0.0,0.0,1.0,41,0.31287308227539057,False,REGULAR,USD,put
QQQ261030P00603000,2026-09-17 13:56:00+00:00,603.0,1.69,1.22,1.29,0.0,0.0,1.0,36,0.31189652954101554,False,REGULAR,USD,put
QQQ261030P00604000,2026-09-16 18:38:01+00:00,604.0,2.35,1.24,1.31,0.0,0.0,34.0,56,0.3104317004394531,False,REGULAR,USD,put
QQQ261030P00605000,2026-09-18 17:31:28+00:00,605.0,1.54,1.26,1.33,-0.060000062,-3.7500038,3.0,200,0.30902790588378903,False,REGULAR,USD,put
QQQ261030P00606000,2026-09-17 16:47:27+00:00,606.0,1.68,1.28,1.36,0.0,0.0,3.0,86,0.30799031860351556,False,REGULAR,USD,put
QQQ261030P00607000,2026-09-10 13:40:04+00:00,607.0,3.01,1.3,1.38,0.0,0.0,4.0,73,0.30652548950195313,False,REGULAR,USD,put
QQQ261030P00608000,2026-09-18 17:47:12+00:00,608.0,1.56,1.33,1.39,-1.02,-39.534885,1.0,18,0.3045723840332031,False,REGULAR,USD,put
QQQ261030P00609000,2026-09-10 14:29:07+00:00,609.0,2.9,1.35,1.42,0.0,0.0,3.0,66,0.3034737622070312,False,REGULAR,USD,put
QQQ261030P00610000,2026-09-18 18:36:27+00:00,610.0,1.5,1.37,1.45,-0.28999996,-16.201115,55.0,1550,0.3023751403808594,False,REGULAR,USD,put
QQQ261030P00611000,2026-09-17 13:33:04+00:00,611.0,1.78,1.4,1.48,0.0,0.0,1.0,16,0.30121548400878906,False,REGULAR,USD,put
QQQ261030P00612000,2026-09-18 18:50:59+00:00,612.0,1.58,1.42,1.5,-0.25,-13.6612015,1.0,177,0.2996285858154296,False,REGULAR,USD,put
QQQ261030P00613000,2026-09-18 14:55:53+00:00,613.0,1.78,1.45,1.53,-0.120000005,-6.3157897,1.0,103,0.29846892944335934,False,REGULAR,USD,put
QQQ261030P00614000,2026-09-18 18:25:03+00:00,614.0,1.69,1.47,1.55,-0.2299999,-11.979162,7.0,67,0.29682099670410156,False,REGULAR,USD,put
QQQ261030P00615000,2026-09-18 15:18:25+00:00,615.0,1.88,1.5,1.58,0.01999998,1.0752678,20.0,226,0.29560030578613283,False,REGULAR,USD,put
QQQ261030P00616000,2026-09-18 17:05:39+00:00,616.0,1.86,1.53,1.61,-1.2199999,-39.61039,24.0,140,0.29431858032226554,False,REGULAR,USD,put
QQQ261030P00617000,2026-09-18 17:01:33+00:00,617.0,1.91,1.55,1.64,-0.110000014,-5.4455457,20.0,155,0.2930978894042968,False,REGULAR,USD,put
QQQ261030P00618000,2026-09-18 14:31:34+00:00,618.0,2.01,1.58,1.66,-0.049999952,-2.4271822,2.0,154,0.2913889221191405,False,REGULAR,USD,put
QQQ261030P00619000,2026-09-18 17:35:01+00:00,619.0,1.93,1.61,1.69,-0.100000024,-4.9261093,3.0,60,0.29004616210937495,False,REGULAR,USD,put
QQQ261030P00620000,2026-09-18 19:49:07+00:00,620.0,1.79,1.64,1.73,-0.30999994,-14.761903,67.0,360,0.2890696093749999,False,REGULAR,USD,put
QQQ261030P00621000,2026-09-18 17:05:39+00:00,621.0,2.05,1.67,1.75,-1.45,-41.42857,6.0,101,0.2873606420898437,False,REGULAR,USD,put
QQQ261030P00622000,2026-09-18 18:48:28+00:00,622.0,1.9,1.7,1.78,-0.31000006,-14.027152,37.0,95,0.2859568475341796,False,REGULAR,USD,put
QQQ261030P00623000,2026-09-18 16:44:05+00:00,623.0,2.16,1.73,1.82,-0.2099998,-8.860752,23.0,186,0.2849192602539062,False,REGULAR,USD,put
QQQ261030P00624000,2026-09-15 17:55:54+00:00,624.0,3.57,1.76,1.85,0.0,0.0,6.0,31,0.2834544311523437,False,REGULAR,USD,put
QQQ261030P00625000,2026-09-18 19:38:45+00:00,625.0,1.97,1.8,1.88,-0.28999996,-12.831857,31.0,660,0.2819896020507812,False,REGULAR,USD,put
QQQ261030P00626000,2026-09-18 19:55:05+00:00,626.0,1.92,1.83,1.92,-0.61,-24.110672,2.0,23,0.28089098022460934,False,REGULAR,USD,put
QQQ261030P00627000,2026-09-18 17:54:20+00:00,627.0,2.17,1.86,1.95,-0.26,-10.699588,2.0,71,0.27936511657714835,False,REGULAR,USD,put
QQQ261030P00628000,2026-09-18 15:25:53+00:00,628.0,2.0,1.9,1.99,-0.51,-20.318726,7.0,43,0.2782054602050781,False,REGULAR,USD,put
QQQ261030P00629000,2026-09-18 20:11:45+00:00,629.0,1.96,1.94,2.03,-2.54,-56.444443,3.0,12,0.27698476928710936,False,REGULAR,USD,put
QQQ261030P00630000,2026-09-18 19:57:20+00:00,630.0,2.1,2.0,2.06,-0.3900001,-15.662655,119.0,816,0.27539787109374997,False,REGULAR,USD,put
QQQ261030P00631000,2026-09-18 16:24:42+00:00,631.0,2.62,2.01,2.1,-0.16000009,-5.7553983,1.0,79,0.27411614562988285,False,REGULAR,USD,put
QQQ261030P00632000,2026-09-18 19:59:39+00:00,632.0,2.16,2.05,2.14,-0.5,-18.796991,3.0,71,0.27283442016601556,False,REGULAR,USD,put
QQQ261030P00633000,2026-09-18 14:03:06+00:00,633.0,2.56,2.09,2.18,-0.10000014,-3.7594037,3.0,107,0.27149166015625,False,REGULAR,USD,put
QQQ261030P00634000,2026-09-17 19:17:16+00:00,634.0,2.68,2.13,2.22,0.0,0.0,5.0,82,0.2701489001464844,False,REGULAR,USD,put
QQQ261030P00635000,2026-09-18 19:57:51+00:00,635.0,2.28,2.17,2.26,-0.4000001,-14.925376,42.0,397,0.2687451055908203,False,REGULAR,USD,put
QQQ261030P00636000,2026-09-18 19:49:13+00:00,636.0,2.38,2.21,2.31,-0.56999993,-19.322031,69.0,38,0.2676464837646484,False,REGULAR,USD,put
QQQ261030P00637000,2026-09-17 14:26:38+00:00,637.0,3.04,2.26,2.35,0.0,0.0,8.0,44,0.26618165466308596,False,REGULAR,USD,put
QQQ261030P00638000,2026-09-18 17:47:13+00:00,638.0,2.7,2.3,2.4,-0.26,-8.783784,13.0,49,0.2650219982910156,False,REGULAR,USD,put
QQQ261030P00639000,2026-09-17 14:11:57+00:00,639.0,3.27,2.35,2.44,0.0,0.0,5.0,59,0.26355716918945316,False,REGULAR,USD,put
QQQ261030P00640000,2026-09-18 20:05:23+00:00,640.0,2.46,2.4,2.49,-0.55999994,-18.543043,147.0,8346,0.2623059609985352,False,REGULAR,USD,put
QQQ261030P00641000,2026-09-18 18:45:29+00:00,641.0,2.75,2.44,2.54,-0.6300001,-18.639055,34.0,141,0.26105475280761714,False,REGULAR,USD,put
QQQ261030P00642000,2026-09-18 19:55:05+00:00,642.0,2.61,2.49,2.59,-0.49,-15.806452,13.0,52,0.25974251007080085,False,REGULAR,USD,put
QQQ261030P00643000,2026-09-18 17:03:41+00:00,643.0,2.68,2.54,2.64,-0.53,-16.510902,30.0,47,0.25843026733398444,False,REGULAR,USD,put
QQQ261030P00644000,2026-09-18 16:24:42+00:00,644.0,3.36,2.59,2.69,0.089999914,2.752291,5.0,50,0.2570569900512696,False,REGULAR,USD,put
QQQ261030P00645000,2026-09-18 20:10:43+00:00,645.0,2.69,2.65,2.75,-0.6199999,-18.731115,79.0,810,0.25592785095214843,False,REGULAR,USD,put
QQQ261030P00646000,2026-09-18 14:03:07+00:00,646.0,3.34,2.7,2.8,-0.17000008,-4.843307,3.0,49,0.25452405639648445,False,REGULAR,USD,put
QQQ261030P00647000,2026-09-18 19:38:54+00:00,647.0,3.02,2.76,2.86,-0.75,-19.8939,15.0,51,0.2533033654785156,False,REGULAR,USD,put
QQQ261030P00648000,2026-09-18 14:15:43+00:00,648.0,3.53,2.81,2.92,-0.120000124,-3.2876744,7.0,161,0.2520826745605469,False,REGULAR,USD,put
QQQ261030P00649000,2026-09-18 19:03:55+00:00,649.0,3.18,2.87,2.98,-0.3699999,-10.422532,4.0,119,0.2508009490966796,False,REGULAR,USD,put
QQQ261030P00650000,2026-09-18 20:13:58+00:00,650.0,2.92,2.93,3.03,-0.76,-20.652174,282.0,6417,0.24927508544921873,False,REGULAR,USD,put
QQQ261030P00651000,2026-09-18 17:03:14+00:00,651.0,3.68,2.99,3.11,-0.16999984,-4.4155807,8.0,206,0.24842060180664063,False,REGULAR,USD,put
QQQ261030P00652000,2026-09-18 19:56:45+00:00,652.0,3.25,3.05,3.18,-0.56999993,-14.921464,9.0,108,0.2472609454345703,False,REGULAR,USD,put
QQQ261030P00653000,2026-09-18 19:53:23+00:00,653.0,3.38,3.12,3.24,-0.6700001,-16.543211,3.0,86,0.24585715087890625,False,REGULAR,USD,put
QQQ261030P00654000,2026-09-18 16:14:44+00:00,654.0,4.02,3.18,3.31,-0.119999886,-2.8985481,1.0,175,0.24463645996093752,False,REGULAR,USD,put
QQQ261030P00655000,2026-09-18 20:07:25+00:00,655.0,3.39,3.26,3.37,-0.6899998,-16.91176,172.0,8005,0.243171630859375,False,REGULAR,USD,put
QQQ261030P00656000,2026-09-18 18:53:35+00:00,656.0,3.46,3.32,3.45,-0.7199998,-17.224876,9.0,109,0.24210352630615234,False,REGULAR,USD,put
QQQ261030P00657000,2026-09-18 18:46:37+00:00,657.0,3.8,3.41,3.52,-0.43000007,-10.165486,13.0,67,0.24079128356933593,False,REGULAR,USD,put
QQQ261030P00658000,2026-09-18 15:53:51+00:00,658.0,4.41,3.47,3.6,0.0,0.0,7.0,81,0.23963162719726558,False,REGULAR,USD,put
QQQ261030P00659000,2026-09-18 19:49:26+00:00,659.0,3.82,3.55,3.69,-0.74,-16.228071,5.0,485,0.2386550744628906,False,REGULAR,USD,put
QQQ261030P00660000,2026-09-18 20:10:04+00:00,660.0,3.76,3.63,3.76,-0.81999993,-17.903929,1140.0,6570,0.23722076263427733,False,REGULAR,USD,put
QQQ261030P00661000,2026-09-18 19:57:17+00:00,661.0,3.93,3.71,3.84,-0.9100001,-18.801655,6.0,90,0.23596955444335935,False,REGULAR,USD,put
QQQ261030P00662000,2026-09-18 18:04:06+00:00,662.0,4.44,3.79,3.92,-0.3499999,-7.3068876,12.0,214,0.23465731170654297,False,REGULAR,USD,put
QQQ261030P00663000,2026-09-18 19:44:08+00:00,663.0,4.13,3.88,4.03,-0.69000006,-14.315353,17.0,203,0.23386386260986325,False,REGULAR,USD,put
QQQ261030P00664000,2026-09-18 19:03:12+00:00,664.0,4.4,3.96,4.11,-0.5999999,-11.999998,12.0,93,0.23249058532714845,False,REGULAR,USD,put
QQQ261030P00665000,2026-09-18 20:10:43+00:00,665.0,4.2,4.06,4.19,-0.9100003,-17.808226,1243.0,933,0.2310562734985352,False,REGULAR,USD,put
QQQ261030P00666000,2026-09-18 18:53:35+00:00,666.0,4.53,4.15,4.28,-0.6799998,-13.051821,36.0,96,0.22980506530761718,False,REGULAR,USD,put
QQQ261030P00667000,2026-09-18 18:46:37+00:00,667.0,4.73,4.24,4.38,-0.52,-9.904762,13.0,89,0.22864540893554688,False,REGULAR,USD,put
QQQ261030P00668000,2026-09-18 19:14:06+00:00,668.0,4.63,4.34,4.48,-0.9000001,-16.274864,18.0,172,0.2274552352905273,False,REGULAR,USD,put
QQQ261030P00669000,2026-09-18 19:50:47+00:00,669.0,4.79,4.44,4.58,-0.7600002,-13.693697,11.0,113,0.22623454437255858,False,REGULAR,USD,put
QQQ261030P00670000,2026-09-18 20:11:57+00:00,670.0,4.6,4.55,4.71,-1.0799999,-19.014084,393.0,3073,0.2254716125488281,False,REGULAR,USD,put
QQQ261030P00671000,2026-09-18 20:09:07+00:00,671.0,4.81,4.65,4.79,-1.0799999,-18.336163,66.0,213,0.22382367980957027,False,REGULAR,USD,put
QQQ261030P00672000,2026-09-18 19:17:01+00:00,672.0,4.98,4.76,4.91,-0.8499999,-14.579759,77.0,169,0.22281660980224605,False,REGULAR,USD,put
QQQ261030P00673000,2026-09-18 17:53:12+00:00,673.0,5.8,4.87,5.02,-0.26999998,-4.448105,14.0,74,0.2215654016113281,False,REGULAR,USD,put
QQQ261030P00674000,2026-09-18 18:46:26+00:00,674.0,5.24,4.99,5.13,-0.98,-15.755628,22.0,98,0.22028367614746092,False,REGULAR,USD,put
QQQ261030P00675000,2026-09-18 20:01:13+00:00,675.0,5.28,5.1,5.25,-1.0999999,-17.241377,524.0,1456,0.21912401977539062,False,REGULAR,USD,put
QQQ261030P00676000,2026-09-18 17:49:59+00:00,676.0,6.14,5.22,5.37,-0.3499999,-5.392911,4571.0,88,0.21790332885742186,False,REGULAR,USD,put
QQQ261030P00677000,2026-09-18 19:40:01+00:00,677.0,5.88,5.35,5.52,-0.69000006,-10.502284,17.0,198,0.2171098797607422,False,REGULAR,USD,put
QQQ261030P00678000,2026-09-18 19:38:58+00:00,678.0,6.01,5.48,5.65,-0.9299998,-13.400574,58.0,189,0.21591970611572264,False,REGULAR,USD,put
QQQ261030P00679000,2026-09-18 20:02:59+00:00,679.0,5.79,5.61,5.79,-1.3200002,-18.565403,32.0,131,0.21488211883544922,False,REGULAR,USD,put
QQQ261030P00680000,2026-09-18 20:11:57+00:00,680.0,5.78,5.74,5.93,-4.69,-44.79465,367.0,20800,0.21375297973632812,False,REGULAR,USD,put
QQQ261030P00681000,2026-09-18 19:49:21+00:00,681.0,6.24,5.88,6.07,-1.0800004,-14.754104,95.0,191,0.2125933233642578,False,REGULAR,USD,put
QQQ261030P00682000,2026-09-18 20:10:42+00:00,682.0,6.1,6.02,6.2,-1.3600001,-18.230564,10.0,118,0.21122004608154293,False,REGULAR,USD,put
QQQ261030P00683000,2026-09-18 19:21:14+00:00,683.0,6.81,6.16,6.35,-1.02,-13.02682,3.0,72,0.21009090698242186,False,REGULAR,USD,put
QQQ261030P00684000,2026-09-18 20:02:59+00:00,684.0,6.53,6.31,6.51,-1.4199996,-17.86163,33.0,64,0.2090533197021484,False,REGULAR,USD,put
QQQ261030P00685000,2026-09-18 20:11:54+00:00,685.0,6.5,6.47,6.67,-1.3400002,-17.091839,95.0,4313,0.20793943923950192,False,REGULAR,USD,put
QQQ261030P00686000,2026-09-18 14:04:16+00:00,686.0,8.05,6.62,6.8,-0.069999695,-0.8620652,1.0,220,0.20636779968261715,False,REGULAR,USD,put
QQQ261030P00687000,2026-09-18 19:38:15+00:00,687.0,7.45,6.78,6.99,-0.9200001,-10.991638,11.0,118,0.20557435058593748,False,REGULAR,USD,put
QQQ261030P00688000,2026-09-18 20:01:42+00:00,688.0,7.25,6.95,7.14,-1.29,-15.105387,19.0,231,0.2041705560302734,False,REGULAR,USD,put
QQQ261030P00689000,2026-09-18 19:57:30+00:00,689.0,7.45,7.12,7.31,-1.29,-14.759726,121.0,125,0.2029803823852539,False,REGULAR,USD,put
QQQ261030P00690000,2026-09-18 20:11:54+00:00,690.0,7.31,7.29,7.5,-1.5300002,-17.307693,262.0,2348,0.20197331237792968,False,REGULAR,USD,put
QQQ261030P00691000,2026-09-18 19:01:25+00:00,691.0,8.26,7.47,7.67,-0.97999954,-10.606056,39.0,42,0.20067632827758786,False,REGULAR,USD,put
QQQ261030P00692000,2026-09-18 19:40:50+00:00,692.0,8.36,7.65,7.85,-1.04,-11.06383,29.0,195,0.19944037872314452,False,REGULAR,USD,put
QQQ261030P00693000,2026-09-18 19:48:15+00:00,693.0,8.45,7.84,8.06,-1.1700001,-12.162163,65.0,128,0.19852486053466795,False,REGULAR,USD,put
QQQ261030P00694000,2026-09-18 20:08:33+00:00,694.0,8.24,8.03,8.24,-1.7600002,-17.600002,31.0,103,0.19715158325195312,False,REGULAR,USD,put
QQQ261030P00695000,2026-09-18 20:10:01+00:00,695.0,8.44,8.23,8.46,-1.6300001,-16.186695,148.0,812,0.19623606506347657,False,REGULAR,USD,put
QQQ261030P00696000,2026-09-18 18:58:07+00:00,696.0,9.27,8.43,8.66,-1.0999994,-10.607516,66.0,362,0.19498485687255857,False,REGULAR,USD,put
QQQ261030P00697000,2026-09-18 19:01:25+00:00,697.0,9.54,8.64,8.86,-0.97000027,-9.229308,52.0,77,0.19370313140869144,False,REGULAR,USD,put
QQQ261030P00698000,2026-09-18 19:47:14+00:00,698.0,9.53,8.85,9.08,-1.3200006,-12.165904,43.0,116,0.1925739923095703,False,REGULAR,USD,put
QQQ261030P00699000,2026-09-18 19:48:15+00:00,699.0,9.78,9.07,9.31,-1.2700005,-11.4932165,74.0,140,0.19149062911987308,False,REGULAR,USD,put
QQQ261030P00700000,2026-09-18 20:12:10+00:00,700.0,9.34,9.3,9.51,-2.0100002,-17.709253,2622.0,7395,0.18999528274536137,False,REGULAR,USD,put
QQQ261030P00701000,2026-09-18 19:53:23+00:00,701.0,10.19,9.52,9.74,-1.5,-12.83148,91.0,72,0.1887898504638672,False,REGULAR,USD,put
QQQ261030P00702000,2026-09-18 20:13:52+00:00,702.0,9.94,9.76,9.95,-1.6400003,-14.162352,7.0,215,0.18727924545288088,False,REGULAR,USD,put
QQQ261030P00703000,2026-09-18 19:56:21+00:00,703.0,10.51,10.0,10.23,-1.5199995,-12.635076,15.0,103,0.18650105499267577,False,REGULAR,USD,put
QQQ261030P00704000,2026-09-18 17:22:24+00:00,704.0,12.14,10.24,10.47,-0.10999966,-0.8979564,35.0,173,0.18518881225585934,False,REGULAR,USD,put
QQQ261030P00705000,2026-09-18 20:01:42+00:00,705.0,10.87,10.5,10.73,-1.6800003,-13.3864565,143.0,549,0.18402915588378904,False,REGULAR,USD,put
QQQ261030P00706000,2026-09-18 19:47:10+00:00,706.0,11.45,10.76,10.99,-1.6400003,-12.52865,132.0,88,0.1828084649658203,False,REGULAR,USD,put
QQQ261030P00707000,2026-09-18 19:59:01+00:00,707.0,11.52,11.03,11.26,-1.9499998,-14.476613,27.0,1371,0.18160303268432615,False,REGULAR,USD,put
QQQ261030P00708000,2026-09-18 19:59:01+00:00,708.0,11.8,11.3,11.54,-1.9799995,-14.368648,67.0,1162,0.18044337631225588,False,REGULAR,USD,put
QQQ261030P00709000,2026-09-18 19:01:31+00:00,709.0,12.35,11.58,11.84,-1.4099998,-10.247091,24.0,249,0.179421047668457,False,REGULAR,USD,put
QQQ261030P00710000,2026-09-18 20:03:37+00:00,710.0,12.19,11.87,12.14,-2.0600004,-14.456143,2470.0,10524,0.17830716720581058,False,REGULAR,USD,put
QQQ261030P00711000,2026-09-18 19:55:30+00:00,711.0,12.65,12.17,12.4,-1.8500004,-12.758623,1532.0,90,0.17670501037597658,False,REGULAR,USD,put
QQQ261030P00712000,2026-09-18 19:40:50+00:00,712.0,13.57,12.48,12.71,-1.3200006,-8.865014,10.0,285,0.17553009536743164,False,REGULAR,USD,put
QQQ261030P00713000,2026-09-18 19:56:21+00:00,713.0,13.42,12.79,13.01,-2.1800003,-13.97436,48.0,223,0.17417207672119145,False,REGULAR,USD,put
QQQ261030P00714000,2026-09-18 20:01:22+00:00,714.0,13.55,13.11,13.35,-2.1999998,-13.968253,58.0,251,0.1731650067138672,False,REGULAR,USD,put
QQQ261030P00715000,2026-09-18 19:56:47+00:00,715.0,14.05,13.44,13.68,-2.0500002,-12.73292,224.0,1536,0.17195957443237309,False,REGULAR,USD,put
QQQ261030P00716000,2026-09-18 20:07:53+00:00,716.0,14.07,13.78,14.03,-2.540001,-15.291998,230.0,500,0.17087621124267582,False,REGULAR,USD,put
QQQ261030P00717000,2026-09-18 20:13:48+00:00,717.0,14.2,14.14,14.38,-2.8300009,-16.617739,202.0,575,0.16968603759765627,False,REGULAR,USD,put
QQQ261030P00718000,2026-09-18 20:07:23+00:00,718.0,14.74,14.49,14.73,-2.67,-15.336014,167.0,321,0.1684195707702637,False,REGULAR,USD,put
QQQ261030P00719000,2026-09-18 20:00:08+00:00,719.0,15.3,14.85,15.11,-2.5500002,-14.285715,1865.0,457,0.16736672485351564,False,REGULAR,USD,put
QQQ261030P00720000,2026-09-18 20:11:29+00:00,720.0,15.25,15.23,15.48,-2.92,-16.070446,357.0,1150,0.1661002580261231,False,REGULAR,USD,put
QQQ261030P00721000,2026-09-18 20:08:59+00:00,721.0,15.98,15.62,15.9,-2.67,-14.316354,15.0,193,0.16526103302001954,False,REGULAR,USD,put
QQQ261030P00722000,2026-09-18 20:10:02+00:00,722.0,16.33,16.01,16.27,-2.8999996,-15.080602,72.0,211,0.16381146255493167,True,REGULAR,USD,put
QQQ261030P00723000,2026-09-18 20:07:40+00:00,723.0,16.78,16.43,16.7,-2.9399986,-14.908716,20.0,403,0.1628806857299805,True,REGULAR,USD,put
QQQ261030P00724000,2026-09-18 19:58:03+00:00,724.0,17.4,16.84,17.12,-2.2399998,-11.405294,4.0,203,0.16173628799438478,True,REGULAR,USD,put
QQQ261030P00725000,2026-09-18 19:55:12+00:00,725.0,17.75,17.27,17.57,-2.8999996,-14.043582,107.0,480,0.1608055111694336,True,REGULAR,USD,put
QQQ261030P00726000,2026-09-18 20:10:39+00:00,726.0,17.83,17.71,17.99,-4.4699993,-20.044842,24.0,1169,0.15944749252319335,True,REGULAR,USD,put
QQQ261030P00727000,2026-09-18 20:09:00+00:00,727.0,18.72,18.17,18.46,-3.7800007,-16.800003,15.0,410,0.1585014570617676,True,REGULAR,USD,put
QQQ261030P00728000,2026-09-18 17:46:19+00:00,728.0,21.29,18.63,18.93,-9.339998,-30.492975,12.0,168,0.1574486111450195,True,REGULAR,USD,put
QQQ261030P00729000,2026-09-18 19:40:19+00:00,729.0,20.76,19.1,19.4,-9.0,-30.241936,32.0,22,0.15627369613647463,True,REGULAR,USD,put
QQQ261030P00730000,2026-09-18 20:14:28+00:00,730.0,19.7,19.59,19.89,-2.9499989,-13.024278,81.0,866,0.15519033294677737,True,REGULAR,USD,put
QQQ261030P00733000,2026-09-16 17:26:57+00:00,733.0,29.75,21.11,21.44,0.0,0.0,6.0,10,0.15210808837890627,True,REGULAR,USD,put
QQQ261030P00734000,2026-09-14 14:19:11+00:00,734.0,33.23,21.63,21.98,0.0,0.0,9.0,13,0.15107050109863285,True,REGULAR,USD,put
QQQ261030P00735000,2026-09-18 19:54:25+00:00,735.0,23.65,22.19,22.52,-3.2000008,-11.918065,21.0,140,0.14991084472656252,True,REGULAR,USD,put
QQQ261030P00736000,2026-09-16 18:40:40+00:00,736.0,32.43,22.74,23.08,0.0,0.0,1.0,2,0.14885799880981443,True,REGULAR,USD,put
QQQ261030P00740000,2026-09-18 19:10:11+00:00,740.0,27.23,25.09,25.44,-2.0500011,-7.00137,58.0,596,0.14460083923339845,True,REGULAR,USD,put
QQQ261030P00742000,2026-09-14 13:31:01+00:00,742.0,42.4,26.32,26.69,0.0,0.0,1.0,1,0.14244937149047854,True,REGULAR,USD,put
QQQ261030P00745000,2026-09-18 19:41:40+00:00,745.0,30.5,28.27,28.65,-2.3899994,-7.2666445,4.0,216,0.13910773010253907,True,REGULAR,USD,put
QQQ261030P00750000,2026-09-18 19:02:32+00:00,750.0,32.5,31.47,33.53,-4.5999985,-12.398918,2.0,582,0.1524742956542969,True,REGULAR,USD,put
QQQ261030P00755000,2026-09-18 19:39:47+00:00,755.0,38.3,35.56,36.15,-2.75,-6.6991477,68.0,17,0.13086806640624998,True,REGULAR,USD,put
QQQ261030P00756000,2026-09-14 14:21:02+00:00,756.0,50.34,36.09,36.93,0.0,0.0,2.0,2,0.12955582366943358,True,REGULAR,USD,put
QQQ261030P00760000,2026-09-17 14:57:11+00:00,760.0,46.0,39.35,40.25,0.0,0.0,10.0,358,0.12592426818847657,True,REGULAR,USD,put
QQQ261030P00765000,2026-09-09 14:30:59+00:00,765.0,49.44,43.65,44.53,0.0,0.0,2.0,26,0.11927150268554687,True,REGULAR,USD,put
QQQ261030P00770000,2026-09-11 18:32:18+00:00,770.0,54.45,48.18,49.17,0.0,0.0,137.0,424,0.117196328125,True,REGULAR,USD,put
QQQ261030P00775000,2026-09-02 14:48:45+00:00,775.0,66.32,52.54,54.99,0.0,0.0,2.0,137,0.1519860192871094,True,REGULAR,USD,put
QQQ261030P00780000,2026-09-16 13:30:45+00:00,780.0,71.8,57.34,59.83,0.0,0.0,1.0,2,0.15760119750976562,True,REGULAR,USD,put
QQQ261030P00785000,2026-09-17 19:00:33+00:00,785.0,69.15,62.12,64.74,0.0,0.0,1.0,6,0.16462017028808595,True,REGULAR,USD,put
QQQ261030P00790000,2026-09-18 20:05:59+00:00,790.0,68.88,67.44,69.7,-11.050003,-13.824599,1.0,1,0.17273776489257814,True,REGULAR,USD,put
QQQ261030P00795000,2026-09-18 13:47:40+00:00,795.0,77.0,72.07,74.68,-2.1699982,-2.740935,5.0,37,0.18134363586425778,True,REGULAR,USD,put
QQQ261030P00800000,2026-09-11 15:14:17+00:00,800.0,85.16,77.03,79.66,0.0,0.0,1.0,1,0.18964433410644532,True,REGULAR,USD,put
QQQ261030P00805000,2026-09-11 15:45:02+00:00,805.0,87.92,82.17,84.66,0.0,0.0,1.0,1,0.19855537780761717,True,REGULAR,USD,put
QQQ261030P00810000,2026-09-17 19:00:33+00:00,810.0,94.14,87.02,89.65,0.0,0.0,1.0,1,0.20691711059570309,True,REGULAR,USD,put
QQQ261030P00820000,2026-09-11 18:32:18+00:00,820.0,103.56,97.06,99.53,0.0,0.0,107.0,105,0.21912401977539062,True,REGULAR,USD,put
QQQ261030P00825000,2026-08-10 18:47:00+00:00,825.0,103.35,102.01,104.7,0.0,0.0,,0,0.23444369079589844,True,REGULAR,USD,put
QQQ261030P00830000,2026-09-11 18:31:11+00:00,830.0,113.5,107.08,109.55,0.0,0.0,2.0,0,0.23645783081054686,True,REGULAR,USD,put
QQQ261030P00835000,2026-08-10 19:20:22+00:00,835.0,111.9,112.07,114.54,0.0,0.0,,0,0.24402611450195313,True,REGULAR,USD,put
QQQ261030P00840000,2026-08-24 19:49:50+00:00,840.0,132.91,117.06,119.68,0.0,0.0,1.0,1,0.2582471636962891,True,REGULAR,USD,put
QQQ261030P00845000,2026-08-24 19:49:50+00:00,845.0,137.93,122.09,124.54,0.0,0.0,1.0,0,0.25989509643554687,True,REGULAR,USD,put
QQQ261030P00850000,2026-09-16 16:48:44+00:00,850.0,139.91,127.06,129.68,0.0,0.0,2.0,3,0.27417718017578124,True,REGULAR,USD,put
QQQ261030P00855000,2026-08-12 18:19:45+00:00,855.0,129.88,132.05,134.54,0.0,0.0,178.0,0,0.27539787109374997,True,REGULAR,USD,put
QQQ261030P00860000,2026-09-14 15:03:44+00:00,860.0,154.37,137.02,139.68,0.0,0.0,3.0,3,0.2897409893798828,True,REGULAR,USD,put
QQQ261030P00870000,2026-09-04 13:53:51+00:00,870.0,149.52,147.04,149.63,0.0,0.0,1.0,1,0.30249720947265624,True,REGULAR,USD,put
QQQ261030P00875000,2026-08-13 16:34:01+00:00,875.0,143.16,152.05,154.53,0.0,0.0,,0,0.3048165222167969,True,REGULAR,USD,put
