contractSymbol,lastTradeDate,strike,lastPrice,bid,ask,change,percentChange,volume,openInterest,impliedVolatility,inTheMoney,contractSize,currency,type
QQQ270331C00405000,2026-04-23 13:43:16+00:00,405.0,268.0,325.02,328.9,0.0,0.0,,1,0.5178423460388184,True,REGULAR,USD,call
QQQ270331C00410000,2026-05-08 13:58:24+00:00,410.0,310.38,320.38,324.26,0.0,0.0,1.0,1,0.5130053582763672,True,REGULAR,USD,call
QQQ270331C00420000,2026-05-01 14:27:49+00:00,420.0,273.3,311.12,315.01,0.0,0.0,1.0,1,0.503483969116211,True,REGULAR,USD,call
QQQ270331C00425000,2026-05-11 13:32:50+00:00,425.0,304.91,312.85,316.72,0.0,0.0,,8,0.5423324575805665,True,REGULAR,USD,call
QQQ270331C00450000,2026-06-10 16:45:41+00:00,450.0,268.58,289.88,293.75,0.0,0.0,2.0,6,0.5143938941955566,True,REGULAR,USD,call
QQQ270331C00460000,2026-05-28 18:44:33+00:00,460.0,294.81,280.76,284.64,0.0,0.0,,1,0.5036670727539063,True,REGULAR,USD,call
QQQ270331C00465000,2026-04-23 14:49:24+00:00,465.0,214.0,269.94,273.45,0.0,0.0,1.0,3,0.45892875061035165,True,REGULAR,USD,call
QQQ270331C00480000,2026-04-29 15:44:04+00:00,480.0,206.11,256.42,259.9,0.0,0.0,1.0,3,0.44585209915161134,True,REGULAR,USD,call
QQQ270331C00485000,2026-05-22 17:25:53+00:00,485.0,258.21,258.18,262.06,0.0,0.0,14.0,16,0.4922383540344239,True,REGULAR,USD,call
QQQ270331C00490000,2026-05-14 14:34:41+00:00,490.0,251.71,253.71,257.58,0.0,0.0,1.0,19,0.48697412445068367,True,REGULAR,USD,call
QQQ270331C00495000,2026-06-01 19:36:16+00:00,495.0,272.63,249.25,253.13,0.0,0.0,,1,0.4818929985046387,True,REGULAR,USD,call
QQQ270331C00500000,2026-06-11 17:03:29+00:00,500.0,225.0,245.02,248.68,0.0,0.0,6.0,101,0.47676609664916997,True,REGULAR,USD,call
QQQ270331C00505000,2026-05-26 18:08:27+00:00,505.0,247.5,240.38,244.26,0.0,0.0,1.0,3,0.4717994104766846,True,REGULAR,USD,call
QQQ270331C00510000,2026-05-22 18:36:02+00:00,510.0,234.9,235.97,239.85,0.0,0.0,9.0,9,0.4668479829406738,True,REGULAR,USD,call
QQQ270331C00515000,2026-06-09 17:50:06+00:00,515.0,212.37,231.58,235.45,0.0,0.0,8.0,8,0.46191944335937507,True,REGULAR,USD,call
QQQ270331C00520000,2026-06-01 13:34:37+00:00,520.0,243.28,227.2,231.08,0.0,0.0,1.0,8,0.457135860824585,True,REGULAR,USD,call
QQQ270331C00525000,2026-05-06 18:46:47+00:00,525.0,198.65,216.68,220.08,0.0,0.0,3.0,2,0.40903300933837883,True,REGULAR,USD,call
QQQ270331C00530000,2026-06-03 16:30:33+00:00,530.0,217.18,218.72,222.39,-21.800003,-9.122104,1.0,4,0.44770602348327626,True,REGULAR,USD,call
QQQ270331C00535000,2026-05-06 18:25:53+00:00,535.0,187.92,208.04,211.43,0.0,0.0,1.0,1,0.40131213928222653,True,REGULAR,USD,call
QQQ270331C00540000,2026-06-05 19:18:06+00:00,540.0,195.0,209.9,213.78,0.0,0.0,1.0,15,0.4385279536437989,True,REGULAR,USD,call
QQQ270331C00543000,2026-05-29 19:53:59+00:00,543.0,223.1,207.33,211.21,0.0,0.0,1.0,1,0.43579665771484377,True,REGULAR,USD,call
QQQ270331C00544000,2026-05-29 19:53:59+00:00,544.0,222.35,206.48,210.35,0.0,0.0,1.0,3,0.4348658808898926,True,REGULAR,USD,call
QQQ270331C00545000,2026-05-29 19:59:17+00:00,545.0,220.02,205.62,209.5,0.0,0.0,1.0,13,0.43398087997436524,True,REGULAR,USD,call
QQQ270331C00546000,2026-05-28 13:37:14+00:00,546.0,211.62,204.77,208.65,0.0,0.0,1.0,2,0.43310350837707523,True,REGULAR,USD,call
QQQ270331C00547000,2026-05-27 18:18:52+00:00,547.0,210.96,203.92,207.8,0.0,0.0,1.0,3,0.43222613677978516,True,REGULAR,USD,call
QQQ270331C00548000,2026-05-26 15:13:02+00:00,548.0,210.23,203.07,206.95,0.0,0.0,1.0,0,0.43133350654602054,True,REGULAR,USD,call
QQQ270331C00549000,2026-05-19 18:06:20+00:00,549.0,187.99,202.22,206.1,0.0,0.0,,2,0.4304408763122559,True,REGULAR,USD,call
QQQ270331C00550000,2026-06-11 13:49:01+00:00,550.0,185.64,201.37,205.25,0.0,0.0,1.0,21,0.4295558753967285,True,REGULAR,USD,call
QQQ270331C00551000,2026-04-09 18:07:15+00:00,551.0,103.83,187.11,191.0,0.0,0.0,,1,0.3466404447937011,True,REGULAR,USD,call
QQQ270331C00552000,2026-06-01 19:46:25+00:00,552.0,219.72,199.68,203.55,0.0,0.0,,1,0.42775535629272465,True,REGULAR,USD,call
QQQ270331C00553000,2026-04-17 19:59:56+00:00,553.0,134.75,192.72,196.09,0.0,0.0,2.0,1,0.38792268577575684,True,REGULAR,USD,call
QQQ270331C00554000,2026-06-01 19:46:25+00:00,554.0,218.02,197.99,201.86,0.0,0.0,1.0,1,0.4260158717346192,True,REGULAR,USD,call
QQQ270331C00555000,2026-06-02 19:52:26+00:00,555.0,220.62,197.14,201.02,0.0,0.0,1.0,57,0.425161388092041,True,REGULAR,USD,call
QQQ270331C00556000,2026-06-09 16:52:37+00:00,556.0,169.83,196.51,200.18,0.0,0.0,1.0,180,0.4243069044494629,True,REGULAR,USD,call
QQQ270331C00557000,2026-06-02 19:52:26+00:00,557.0,218.97,195.46,199.33,0.0,0.0,1.0,1,0.4233913862609863,True,REGULAR,USD,call
QQQ270331C00558000,2026-05-27 14:13:51+00:00,558.0,201.22,194.62,198.49,0.0,0.0,1.0,3,0.4225369026184082,True,REGULAR,USD,call
QQQ270331C00559000,2026-06-01 14:55:41+00:00,559.0,209.59,193.78,197.65,0.0,0.0,1.0,2,0.42167478965759275,True,REGULAR,USD,call
QQQ270331C00560000,2026-06-08 18:08:50+00:00,560.0,191.91,192.94,196.82,0.0,0.0,2.0,4,0.42086608192443853,True,REGULAR,USD,call
QQQ270331C00561000,2026-05-29 15:07:23+00:00,561.0,207.09,192.1,195.98,0.0,0.0,5.0,8,0.41999633964538574,True,REGULAR,USD,call
QQQ270331C00565000,2026-05-27 18:19:34+00:00,565.0,195.3,188.76,192.64,0.0,0.0,1.0,2,0.4166012930297851,True,REGULAR,USD,call
QQQ270331C00566000,2026-06-01 13:32:23+00:00,566.0,200.72,187.93,191.8,0.0,0.0,2.0,4,0.41571629211425776,True,REGULAR,USD,call
QQQ270331C00567000,2026-04-27 19:19:33+00:00,567.0,137.1,181.77,184.37,0.0,0.0,3.0,2,0.3778596150207519,True,REGULAR,USD,call
QQQ270331C00568000,2026-05-06 16:23:51+00:00,568.0,160.97,180.17,183.54,0.0,0.0,1.0,7,0.3771577177429199,True,REGULAR,USD,call
QQQ270331C00569000,2026-04-27 18:14:56+00:00,569.0,135.7,179.36,182.72,0.0,0.0,1.0,2,0.37650159637451175,True,REGULAR,USD,call
QQQ270331C00570000,2026-06-08 18:44:55+00:00,570.0,182.68,184.8,188.48,0.0,0.0,19.0,47,0.412367021408081,True,REGULAR,USD,call
QQQ270331C00572000,2026-04-14 17:08:54+00:00,572.0,100.89,169.77,174.0,0.0,0.0,1.0,2,0.3384312983703613,True,REGULAR,USD,call
QQQ270331C00573000,2026-05-27 18:20:48+00:00,573.0,188.64,182.13,186.0,0.0,0.0,,1,0.40987223434448244,True,REGULAR,USD,call
QQQ270331C00575000,2026-06-05 19:51:47+00:00,575.0,170.65,180.48,184.36,0.0,0.0,3.0,15,0.4082700775146484,True,REGULAR,USD,call
QQQ270331C00576000,2026-05-28 16:40:12+00:00,576.0,192.14,179.65,183.53,0.0,0.0,1.0,2,0.40740033523559577,True,REGULAR,USD,call
QQQ270331C00577000,2026-04-13 19:03:02+00:00,577.0,90.14,165.71,170.0,0.0,0.0,,2,0.33628745994567866,True,REGULAR,USD,call
QQQ270331C00578000,2026-04-13 19:03:21+00:00,578.0,89.69,164.9,169.0,0.0,0.0,,3,0.33468530311584477,True,REGULAR,USD,call
QQQ270331C00579000,2026-04-28 13:38:01+00:00,579.0,123.34,172.01,174.49,0.0,0.0,1.0,2,0.3695055115509033,True,REGULAR,USD,call
QQQ270331C00580000,2026-06-05 16:49:09+00:00,580.0,172.83,176.38,180.26,0.0,0.0,2.0,5,0.40418076293945315,True,REGULAR,USD,call
QQQ270331C00581000,2026-05-29 13:33:10+00:00,581.0,191.0,175.56,179.44,0.0,0.0,1.0,10,0.40335679656982426,True,REGULAR,USD,call
QQQ270331C00582000,2026-06-01 14:47:50+00:00,582.0,189.9,174.75,178.63,0.0,0.0,1.0,3,0.40257860610961915,True,REGULAR,USD,call
QQQ270331C00583000,2026-04-14 14:09:05+00:00,583.0,91.0,160.87,165.0,0.0,0.0,1.0,1,0.3323659903717041,True,REGULAR,USD,call
QQQ270331C00584000,2026-04-22 13:59:14+00:00,584.0,112.0,167.08,170.42,0.0,0.0,5.0,1,0.36607994766235347,True,REGULAR,USD,call
QQQ270331C00585000,2026-06-10 18:17:57+00:00,585.0,155.14,172.51,176.19,0.0,0.0,1.0,37,0.4001677415466309,True,REGULAR,USD,call
QQQ270331C00586000,2026-04-16 15:18:00+00:00,586.0,104.3,165.47,168.8,0.0,0.0,1.0,1,0.36472192901611333,True,REGULAR,USD,call
QQQ270331C00587000,2026-06-04 13:39:34+00:00,587.0,185.44,170.69,174.57,0.0,0.0,1.0,4,0.3985732140350342,True,REGULAR,USD,call
QQQ270331C00588000,2026-06-01 13:41:36+00:00,588.0,184.76,169.88,173.76,0.0,0.0,1.0,3,0.39777213562011715,True,REGULAR,USD,call
QQQ270331C00589000,2026-06-10 13:35:46+00:00,589.0,154.5,169.07,172.95,0.0,0.0,,2,0.39696342788696287,True,REGULAR,USD,call
QQQ270331C00590000,2026-06-01 15:19:21+00:00,590.0,184.04,168.27,172.15,0.0,0.0,2.0,39,0.39620812538146977,True,REGULAR,USD,call
QQQ270331C00592000,2026-04-13 15:08:08+00:00,592.0,78.36,153.71,158.0,0.0,0.0,1.0,0,0.3288641333007812,True,REGULAR,USD,call
QQQ270331C00594000,2026-04-15 18:08:44+00:00,594.0,93.6,152.13,156.0,0.0,0.0,,1,0.32560641441345206,True,REGULAR,USD,call
QQQ270331C00595000,2026-05-05 13:39:00+00:00,595.0,127.77,158.25,161.58,0.0,0.0,1.0,1,0.35874817283630367,True,REGULAR,USD,call
QQQ270331C00597000,2026-04-30 18:15:33+00:00,597.0,116.95,156.66,159.98,0.0,0.0,,1,0.35738252487182615,True,REGULAR,USD,call
QQQ270331C00598000,2026-04-17 13:55:36+00:00,598.0,99.66,155.86,159.19,0.0,0.0,2.0,1,0.35674929145812984,True,REGULAR,USD,call
QQQ270331C00599000,2026-05-08 19:54:52+00:00,599.0,151.8,156.0,158.4,0.0,0.0,4.0,4,0.3561084287261963,True,REGULAR,USD,call
QQQ270331C00600000,2026-06-10 16:08:53+00:00,600.0,144.47,160.27,164.15,0.0,0.0,2.0,33,0.38840333282470707,True,REGULAR,USD,call
QQQ270331C00601000,2026-06-11 15:48:31+00:00,601.0,144.27,159.48,163.36,0.0,0.0,1.0,5,0.38765565963745113,True,REGULAR,USD,call
QQQ270331C00602000,2026-05-19 14:26:23+00:00,602.0,137.32,158.69,162.57,0.0,0.0,3.0,10,0.3868927278137207,True,REGULAR,USD,call
QQQ270331C00603000,2026-06-09 16:35:08+00:00,603.0,135.0,157.9,161.78,0.0,0.0,4.0,8,0.3861374253082275,True,REGULAR,USD,call
QQQ270331C00604000,2026-04-09 15:12:35+00:00,604.0,67.0,144.31,148.5,0.0,0.0,,1,0.3224402473449706,True,REGULAR,USD,call
QQQ270331C00605000,2026-06-08 19:40:52+00:00,605.0,159.02,156.52,160.2,7.130005,4.69419,2.0,26,0.38460393234252926,True,REGULAR,USD,call
QQQ270331C00610000,2026-06-12 16:12:09+00:00,610.0,151.55,152.6,156.28,2.8099976,1.8892009,1.0,159,0.3808350491333008,True,REGULAR,USD,call
QQQ270331C00615000,2026-06-08 20:07:34+00:00,615.0,144.93,148.52,152.4,0.0,0.0,2.0,253,0.3771577177429199,True,REGULAR,USD,call
QQQ270331C00620000,2026-06-04 17:09:12+00:00,620.0,161.72,144.86,148.55,0.0,0.0,2.0,82,0.3735109036254882,True,REGULAR,USD,call
QQQ270331C00625000,2026-06-10 13:35:45+00:00,625.0,127.0,141.05,144.73,0.0,0.0,1.0,74,0.36988697746276855,True,REGULAR,USD,call
QQQ270331C00630000,2026-06-09 15:41:49+00:00,630.0,123.69,137.26,140.95,0.0,0.0,2.0,43,0.3663393444824219,True,REGULAR,USD,call
QQQ270331C00635000,2026-06-12 16:39:09+00:00,635.0,133.98,133.52,137.21,22.429993,20.107569,9.0,248,0.36284511672973635,True,REGULAR,USD,call
QQQ270331C00640000,2026-06-10 13:49:58+00:00,640.0,121.49,129.83,133.51,0.0,0.0,2.0,681,0.35941192352294915,True,REGULAR,USD,call
QQQ270331C00645000,2026-06-12 17:21:16+00:00,645.0,129.41,126.16,129.86,17.11,15.235974,1.0,1107,0.35607028213500974,True,REGULAR,USD,call
QQQ270331C00650000,2026-06-10 19:44:03+00:00,650.0,125.15,122.65,126.09,19.880005,18.884777,1.0,3645,0.3520725193786621,True,REGULAR,USD,call
QQQ270331C00655000,2026-06-12 16:47:13+00:00,655.0,118.24,118.98,122.66,12.239998,11.547168,5.0,809,0.34943277526855465,True,REGULAR,USD,call
QQQ270331C00660000,2026-06-12 17:01:13+00:00,660.0,117.42,115.45,119.14,16.059998,15.844512,9.0,496,0.3462589788818359,True,REGULAR,USD,call
QQQ270331C00665000,2026-06-12 15:25:25+00:00,665.0,115.02,112.11,115.66,14.469994,14.390843,10.0,1992,0.34311569976806633,True,REGULAR,USD,call
QQQ270331C00670000,2026-06-08 14:11:10+00:00,670.0,105.13,108.54,112.23,0.0,0.0,1.0,1144,0.34004871383666996,True,REGULAR,USD,call
QQQ270331C00675000,2026-06-10 19:29:01+00:00,675.0,87.51,104.97,108.84,0.0,0.0,1.0,523,0.3369969865417481,True,REGULAR,USD,call
QQQ270331C00680000,2026-06-11 18:03:37+00:00,680.0,93.66,101.63,105.51,0.0,0.0,5.0,1550,0.3340444403839111,True,REGULAR,USD,call
QQQ270331C00685000,2026-06-12 17:57:49+00:00,685.0,99.66,98.54,102.22,13.75,16.005121,4.0,377,0.3310995235443115,True,REGULAR,USD,call
QQQ270331C00690000,2026-06-12 17:15:38+00:00,690.0,96.56,95.3,98.98,8.459999,9.602723,5.0,659,0.3282156412506103,True,REGULAR,USD,call
QQQ270331C00695000,2026-06-12 16:27:00+00:00,695.0,92.69,92.26,95.79,13.459999,16.988512,346.0,267,0.3253699055480957,True,REGULAR,USD,call
QQQ270331C00700000,2026-06-12 17:54:20+00:00,700.0,89.86,89.03,92.66,13.32,17.402664,2.0,375,0.32260809234619137,True,REGULAR,USD,call
QQQ270331C00705000,2026-06-12 19:57:36+00:00,705.0,87.23,85.95,89.59,7.2300034,9.037504,48.0,293,0.3199225723266601,True,REGULAR,USD,call
QQQ270331C00710000,2026-06-12 16:29:38+00:00,710.0,83.97,82.93,86.57,5.9000015,7.557322,4.0,202,0.31726756958007807,True,REGULAR,USD,call
QQQ270331C00715000,2026-06-12 20:00:29+00:00,715.0,81.16,79.96,83.6,3.1600037,4.0512867,8.0,755,0.31464308410644526,True,REGULAR,USD,call
QQQ270331C00720000,2026-06-12 18:46:19+00:00,720.0,79.36,77.06,80.7,9.0,12.791359,8.0,127,0.3121177797698974,True,REGULAR,USD,call
QQQ270331C00725000,2026-06-12 17:55:41+00:00,725.0,76.2,74.47,77.54,12.909996,20.39816,266.0,221,0.30840993110656734,False,REGULAR,USD,call
QQQ270331C00730000,2026-06-12 19:32:11+00:00,730.0,72.31,71.42,75.08,11.809998,19.520657,1.0,326,0.30725790405273434,False,REGULAR,USD,call
QQQ270331C00735000,2026-06-12 17:24:30+00:00,735.0,71.53,68.69,72.36,13.029999,22.273502,5.0,756,0.30490807403564457,False,REGULAR,USD,call
QQQ270331C00740000,2026-06-12 19:32:11+00:00,740.0,67.11,66.31,69.46,2.0999985,3.23027,27.0,1979,0.3016808724212646,False,REGULAR,USD,call
QQQ270331C00745000,2026-06-10 15:22:21+00:00,745.0,53.7,63.22,67.1,0.0,0.0,6.0,1989,0.3003686296844482,False,REGULAR,USD,call
QQQ270331C00750000,2026-06-12 16:17:31+00:00,750.0,62.7,60.88,64.56,13.25,26.794743,16.0,728,0.29817138603210436,False,REGULAR,USD,call
QQQ270331C00755000,2026-06-12 19:35:52+00:00,755.0,59.25,58.4,62.08,10.130001,20.622967,9.0,1490,0.2960199182891846,False,REGULAR,USD,call
QQQ270331C00760000,2026-06-12 15:49:30+00:00,760.0,57.31,55.98,59.66,1.9700012,3.5598142,12.0,722,0.2939065971374511,False,REGULAR,USD,call
QQQ270331C00765000,2026-06-10 16:18:49+00:00,765.0,53.95,53.64,57.33,9.400002,21.099892,6.0,44,0.2919611209869384,False,REGULAR,USD,call
QQQ270331C00770000,2026-06-11 19:49:36+00:00,770.0,53.0,51.36,55.04,2.5200005,4.992077,4.0,373,0.2899774982452392,False,REGULAR,USD,call
QQQ270331C00775000,2026-06-10 14:40:07+00:00,775.0,45.57,49.14,52.82,0.0,0.0,2.0,78,0.28807016868591295,False,REGULAR,USD,call
QQQ270331C00780000,2026-06-12 17:06:07+00:00,780.0,48.04,46.98,50.67,10.57,28.209232,25.0,799,0.2862391323089599,False,REGULAR,USD,call
QQQ270331C00785000,2026-06-12 18:26:52+00:00,785.0,46.6,44.74,48.59,3.2599983,7.5219154,4.0,250,0.28449201843261707,False,REGULAR,USD,call
QQQ270331C00790000,2026-06-12 17:34:23+00:00,790.0,45.33,43.29,45.86,9.970001,28.195704,301.0,1598,0.2799525740814208,False,REGULAR,USD,call
QQQ270331C00795000,2026-06-12 16:29:38+00:00,795.0,42.58,40.79,44.61,4.290001,11.203972,6.0,299,0.28112748908996577,False,REGULAR,USD,call
QQQ270331C00800000,2026-06-12 18:44:43+00:00,800.0,40.54,39.52,41.55,4.7800026,13.366898,98.0,1970,0.2748027842712402,False,REGULAR,USD,call
QQQ270331C00805000,2026-06-12 16:17:31+00:00,805.0,39.24,37.1,40.89,2.2400017,6.0540586,10.0,590,0.2780070979309082,False,REGULAR,USD,call
QQQ270331C00810000,2026-06-12 16:31:56+00:00,810.0,36.79,35.9,38.02,-8.899998,-19.479094,12.0,2192,0.27197230720520016,False,REGULAR,USD,call
QQQ270331C00815000,2026-06-12 14:37:27+00:00,815.0,35.01,33.67,37.43,0.16999817,0.48793963,2.0,37,0.2751613622283935,False,REGULAR,USD,call
QQQ270331C00820000,2026-06-12 14:12:00+00:00,820.0,33.11,32.04,35.8,4.24,14.686524,2.0,92,0.2738567488098144,False,REGULAR,USD,call
QQQ270331C00825000,2026-06-12 19:37:48+00:00,825.0,32.18,30.5,34.22,4.3099995,15.464655,5.0,192,0.27255976470947263,False,REGULAR,USD,call
QQQ270331C00830000,2026-06-11 18:34:09+00:00,830.0,26.52,28.99,32.71,0.0,0.0,2.0,87,0.27136959106445313,False,REGULAR,USD,call
QQQ270331C00835000,2026-06-11 18:10:33+00:00,835.0,25.08,27.57,31.25,0.0,0.0,2.0,27,0.2702023053741456,False,REGULAR,USD,call
QQQ270331C00840000,2026-06-11 18:53:36+00:00,840.0,25.5,26.2,29.85,0.0,0.0,1.0,155,0.2690960542297363,False,REGULAR,USD,call
QQQ270331C00845000,2026-06-09 18:01:09+00:00,845.0,20.7,24.87,28.51,0.0,0.0,46.0,249,0.26806609626770017,False,REGULAR,USD,call
QQQ270331C00850000,2026-06-12 13:42:02+00:00,850.0,23.3,23.62,27.23,1.7699986,8.22108,7.0,247,0.26711243148803715,False,REGULAR,USD,call
QQQ270331C00855000,2026-06-12 18:26:04+00:00,855.0,24.43,22.41,26.0,3.2200012,15.181524,4.0,69,0.2662045426177979,False,REGULAR,USD,call
QQQ270331C00860000,2026-06-05 18:15:36+00:00,860.0,19.12,21.26,24.82,0.0,0.0,8.0,73,0.2653348003387451,False,REGULAR,USD,call
QQQ270331C00865000,2026-06-12 15:04:47+00:00,865.0,21.99,20.72,22.93,5.25,31.362007,52.0,5,0.2608563905334473,False,REGULAR,USD,call
QQQ270331C00870000,2026-06-12 18:51:36+00:00,870.0,21.6,19.21,22.61,1.8199997,9.201212,3.0,25,0.2637479021453857,False,REGULAR,USD,call
QQQ270331C00875000,2026-06-11 19:53:57+00:00,875.0,18.8,18.21,21.58,0.0,0.0,2.0,33,0.2630460048675537,False,REGULAR,USD,call
QQQ270331C00880000,2026-06-12 18:51:36+00:00,880.0,19.44,17.27,20.6,5.92,43.78698,2.0,564,0.2624127714538575,False,REGULAR,USD,call
QQQ270331C00885000,2026-05-29 13:59:24+00:00,885.0,21.06,16.36,19.67,0.0,0.0,2.0,5,0.2618558312225342,False,REGULAR,USD,call
QQQ270331C00890000,2026-06-10 15:18:22+00:00,890.0,12.57,15.5,18.78,0.0,0.0,2.0,29,0.26133703758239746,False,REGULAR,USD,call
QQQ270331C00895000,2026-06-12 15:41:02+00:00,895.0,16.07,14.68,17.93,2.2399998,16.196672,2.0,2,0.2608563905334473,False,REGULAR,USD,call
QQQ270331C00900000,2026-06-12 14:12:00+00:00,900.0,14.92,13.9,16.86,3.1999998,27.303751,1.0,33,0.2589872075653077,False,REGULAR,USD,call
QQQ270331C00905000,2026-06-05 15:36:47+00:00,905.0,13.89,13.16,16.37,0.0,0.0,2.0,2,0.26015449325561524,False,REGULAR,USD,call
QQQ270331C00910000,2026-06-10 16:09:44+00:00,910.0,10.53,12.46,15.64,0.0,0.0,3.0,2,0.2598416912078857,False,REGULAR,USD,call
QQQ270331C00915000,2026-06-12 14:08:31+00:00,915.0,13.04,11.79,14.95,-4.2799997,-24.711315,4.0,0,0.25960518234252933,False,REGULAR,USD,call
QQQ270331C00920000,2026-06-12 15:28:04+00:00,920.0,13.11,11.16,14.3,3.46,35.854923,1.0,57,0.2594373373413086,False,REGULAR,USD,call
QQQ270331C00925000,2026-06-12 15:20:12+00:00,925.0,12.13,10.56,13.68,2.87,30.993519,2.0,7,0.2593152682495118,False,REGULAR,USD,call
QQQ270331C00935000,2026-06-12 19:50:50+00:00,935.0,10.72,9.45,12.54,3.2900004,44.279953,2.0,90,0.25924660438537606,False,REGULAR,USD,call
QQQ270331C00940000,2026-06-12 15:28:04+00:00,940.0,10.5,8.94,12.02,2.1000004,25.000006,3.0,83,0.2593305268859864,False,REGULAR,USD,call
QQQ270331C00945000,2026-06-10 16:18:38+00:00,945.0,7.26,8.45,11.38,0.0,0.0,125.0,63,0.25846078460693367,False,REGULAR,USD,call
QQQ270331C00955000,2026-06-12 17:28:31+00:00,955.0,9.0,7.56,9.85,0.72999954,8.82708,4.0,35,0.2543409527587891,False,REGULAR,USD,call
QQQ270331P00405000,2026-06-11 17:54:17+00:00,405.0,4.44,3.81,5.62,-0.17000008,-3.687637,2.0,212,0.4237423348999023,False,REGULAR,USD,put
QQQ270331P00410000,2026-06-11 18:27:07+00:00,410.0,4.76,3.58,6.46,0.0,0.0,2.0,32,0.42957113403320313,False,REGULAR,USD,put
QQQ270331P00415000,2026-06-12 15:32:36+00:00,415.0,4.71,4.22,6.01,-0.28999996,-5.799999,20.0,40,0.41486180847167964,False,REGULAR,USD,put
QQQ270331P00420000,2026-05-21 13:30:13+00:00,420.0,4.97,4.43,5.56,0.0,0.0,6.0,13,0.40015248291015626,False,REGULAR,USD,put
QQQ270331P00425000,2026-06-05 18:47:10+00:00,425.0,5.8,4.57,6.56,0.0,0.0,2.0,30,0.40810223251342775,False,REGULAR,USD,put
QQQ270331P00430000,2026-06-08 16:00:46+00:00,430.0,5.64,4.86,6.8,0.0,0.0,2.0,5,0.40405869384765625,False,REGULAR,USD,put
QQQ270331P00435000,2026-06-09 16:08:04+00:00,435.0,6.65,5.23,7.04,0.0,0.0,4.0,11,0.39990834472656256,False,REGULAR,USD,put
QQQ270331P00440000,2026-06-05 15:17:32+00:00,440.0,6.07,5.36,7.21,0.0,0.0,15.0,22,0.3947814428710938,False,REGULAR,USD,put
QQQ270331P00445000,2026-05-29 13:59:58+00:00,445.0,5.3,5.2,8.14,0.0,0.0,1.0,17,0.3993590338134766,False,REGULAR,USD,put
QQQ270331P00450000,2026-06-10 19:59:52+00:00,450.0,7.8,5.76,7.83,0.0,0.0,1.0,122,0.3879760910034179,False,REGULAR,USD,put
QQQ270331P00455000,2026-06-04 13:46:16+00:00,455.0,6.24,5.99,8.15,0.0,0.0,1.0,6,0.3845581564331054,False,REGULAR,USD,put
QQQ270331P00460000,2026-06-09 18:33:42+00:00,460.0,7.41,6.29,8.43,0.0,0.0,2.0,13,0.38052987640380853,False,REGULAR,USD,put
QQQ270331P00465000,2026-06-01 13:44:57+00:00,465.0,6.0,6.3,9.32,0.0,0.0,10.0,25,0.3833374655151367,False,REGULAR,USD,put
QQQ270331P00470000,2026-06-10 17:24:28+00:00,470.0,9.53,6.59,9.07,0.0,0.0,3.0,9,0.3731446963500976,False,REGULAR,USD,put
QQQ270331P00475000,2026-06-10 15:15:46+00:00,475.0,9.73,6.88,9.97,0.0,0.0,4.0,18,0.3755097850036621,False,REGULAR,USD,put
QQQ270331P00480000,2026-06-10 15:15:43+00:00,480.0,10.11,7.56,9.8,0.0,0.0,6.0,19,0.3663393444824219,False,REGULAR,USD,put
QQQ270331P00485000,2026-06-10 15:15:44+00:00,485.0,10.62,7.56,10.66,0.0,0.0,4.0,61,0.3677583976745606,False,REGULAR,USD,put
QQQ270331P00490000,2026-06-10 15:18:16+00:00,490.0,9.41,8.28,10.56,-1.5900002,-14.454547,1.0,283,0.35941192352294915,False,REGULAR,USD,put
QQQ270331P00495000,2026-06-12 17:38:35+00:00,495.0,9.92,8.64,10.97,2.3200002,30.526318,5.0,202,0.35608554077148435,False,REGULAR,USD,put
QQQ270331P00500000,2026-06-12 19:30:21+00:00,500.0,10.25,9.18,11.37,-0.10999966,-1.0617728,41.0,509,0.35253027847290036,False,REGULAR,USD,put
QQQ270331P00505000,2026-06-05 17:13:06+00:00,505.0,11.28,9.45,11.84,0.0,0.0,2.0,150,0.34952432708740233,False,REGULAR,USD,put
QQQ270331P00510000,2026-06-05 13:57:19+00:00,510.0,10.15,9.51,12.68,0.0,0.0,1.0,35,0.3495853616333008,False,REGULAR,USD,put
QQQ270331P00515000,2026-06-04 16:04:19+00:00,515.0,9.8,9.95,12.78,0.0,0.0,3.0,87,0.3431004411315917,False,REGULAR,USD,put
QQQ270331P00520000,2026-06-05 15:08:52+00:00,520.0,11.4,10.9,12.45,0.0,0.0,3.0,1971,0.33301448242187504,False,REGULAR,USD,put
QQQ270331P00525000,2026-06-12 18:24:57+00:00,525.0,12.5,11.8,14.11,-0.09000015,-0.71485424,1.0,1082,0.33933155792236325,False,REGULAR,USD,put
QQQ270331P00530000,2026-06-11 19:08:20+00:00,530.0,13.75,11.77,14.62,0.0,0.0,1.0,91,0.3359593992614746,False,REGULAR,USD,put
QQQ270331P00535000,2026-05-28 15:17:19+00:00,535.0,11.16,12.29,14.04,0.0,0.0,2.0,123,0.32411869735717763,False,REGULAR,USD,put
QQQ270331P00540000,2026-06-11 16:18:57+00:00,540.0,15.87,12.43,14.94,0.0,0.0,2.0,139,0.32366093826293935,False,REGULAR,USD,put
QQQ270331P00543000,2026-05-19 20:05:46+00:00,543.0,14.81,13.15,15.83,0.0,0.0,6.0,3,0.32581240600585937,False,REGULAR,USD,put
QQQ270331P00544000,2026-06-08 13:32:30+00:00,544.0,13.81,12.87,15.95,0.0,0.0,1.0,2,0.32520206054687495,False,REGULAR,USD,put
QQQ270331P00545000,2026-06-12 17:02:16+00:00,545.0,14.83,12.99,16.28,-0.40999985,-2.6902878,4.0,100,0.3260870614624023,False,REGULAR,USD,put
QQQ270331P00546000,2026-06-12 17:02:16+00:00,546.0,15.21,13.1,16.4,0.4499998,3.0487792,2.0,3,0.3254614573669433,False,REGULAR,USD,put
QQQ270331P00547000,2026-06-08 13:56:07+00:00,547.0,14.92,13.21,16.52,0.0,0.0,1.0,31,0.32482059463500973,False,REGULAR,USD,put
QQQ270331P00548000,2026-06-12 15:22:06+00:00,548.0,14.69,13.33,16.43,-1.2300005,-7.7261333,4.0,17,0.32269964416503893,False,REGULAR,USD,put
QQQ270331P00549000,2026-06-12 15:22:06+00:00,549.0,14.86,13.45,16.76,-1.0900002,-6.833857,4.0,11,0.32353886917114244,False,REGULAR,USD,put
QQQ270331P00550000,2026-06-12 14:49:29+00:00,550.0,15.2,13.56,16.88,-0.8699999,-5.4138136,3.0,791,0.3228980064392089,False,REGULAR,USD,put
QQQ270331P00551000,2026-06-12 14:49:29+00:00,551.0,15.39,13.69,17.0,-0.8499994,-5.2339864,3.0,17,0.32224188507080076,False,REGULAR,USD,put
QQQ270331P00552000,2026-06-10 14:06:16+00:00,552.0,17.19,13.84,17.13,0.0,0.0,1.0,5,0.32164679824829095,False,REGULAR,USD,put
QQQ270331P00553000,2026-06-11 17:54:39+00:00,553.0,16.8,13.92,17.25,0.0,0.0,206.0,110,0.3209754182434082,False,REGULAR,USD,put
QQQ270331P00554000,2026-06-03 16:39:38+00:00,554.0,13.44,14.06,17.38,0.0,0.0,9.0,3,0.3203803314208984,False,REGULAR,USD,put
QQQ270331P00555000,2026-06-12 15:20:30+00:00,555.0,16.02,14.17,17.51,-0.6000004,-3.6101105,6.0,369,0.31976998596191397,False,REGULAR,USD,put
QQQ270331P00556000,2026-06-12 15:20:30+00:00,556.0,15.72,14.29,17.63,-0.9499998,-5.698859,4.0,8,0.31909860595703116,False,REGULAR,USD,put
QQQ270331P00557000,2026-06-11 17:55:07+00:00,557.0,17.37,14.42,17.76,0.0,0.0,398.0,204,0.3184730018615722,False,REGULAR,USD,put
QQQ270331P00558000,2026-06-08 14:52:13+00:00,558.0,16.0,14.58,17.89,0.0,0.0,6.0,13,0.31784739776611326,False,REGULAR,USD,put
QQQ270331P00559000,2026-06-09 14:55:46+00:00,559.0,17.57,14.71,18.02,0.0,0.0,3.0,35,0.31722179367065423,False,REGULAR,USD,put
QQQ270331P00560000,2026-06-11 17:43:18+00:00,560.0,16.56,14.81,18.16,0.0,0.0,113.0,463,0.3166572241210937,False,REGULAR,USD,put
QQQ270331P00561000,2026-05-08 19:24:12+00:00,561.0,16.7,15.98,17.0,0.0,0.0,36.0,23,0.3073952317810058,False,REGULAR,USD,put
QQQ270331P00562000,2026-05-21 14:18:57+00:00,562.0,16.35,15.05,18.42,0.0,0.0,20.0,2,0.31537549865722647,False,REGULAR,USD,put
QQQ270331P00563000,2026-06-05 14:08:00+00:00,563.0,16.14,15.23,18.56,0.0,0.0,2.0,7,0.3147880411529541,False,REGULAR,USD,put
QQQ270331P00564000,2026-05-15 14:15:27+00:00,564.0,17.7,15.36,18.69,0.0,0.0,9.0,5,0.31413954910278313,False,REGULAR,USD,put
QQQ270331P00565000,2026-06-09 16:13:13+00:00,565.0,19.55,15.45,18.69,0.0,0.0,3.0,151,0.31262894409179687,False,REGULAR,USD,put
QQQ270331P00567000,2026-05-22 19:02:28+00:00,567.0,15.67,15.77,18.44,0.0,0.0,1.0,34,0.30800557723999017,False,REGULAR,USD,put
QQQ270331P00568000,2026-05-22 18:19:30+00:00,568.0,15.69,15.86,19.25,0.0,0.0,1.0,1,0.3117134259033203,False,REGULAR,USD,put
QQQ270331P00569000,2026-05-28 14:09:51+00:00,569.0,15.3,15.99,19.39,0.0,0.0,9.0,3,0.3111030804443359,False,REGULAR,USD,put
QQQ270331P00570000,2026-06-11 16:45:45+00:00,570.0,20.32,16.13,19.53,0.0,0.0,1.0,28,0.31047747634887696,False,REGULAR,USD,put
QQQ270331P00571000,2026-06-11 18:19:51+00:00,571.0,18.74,16.27,19.68,0.0,0.0,2.0,11,0.3099129067993164,False,REGULAR,USD,put
QQQ270331P00572000,2026-06-01 14:56:59+00:00,572.0,14.65,16.41,19.82,0.0,0.0,9.0,5,0.30927204406738285,False,REGULAR,USD,put
QQQ270331P00573000,2026-06-10 19:51:54+00:00,573.0,22.32,16.56,19.97,0.0,0.0,2.0,11,0.30869221588134765,False,REGULAR,USD,put
QQQ270331P00574000,2026-06-10 19:51:54+00:00,574.0,22.52,16.7,20.11,0.0,0.0,2.0,13,0.308051353149414,False,REGULAR,USD,put
QQQ270331P00575000,2026-06-11 17:56:10+00:00,575.0,19.9,16.84,20.26,0.0,0.0,35.0,1094,0.30746389564514154,False,REGULAR,USD,put
QQQ270331P00576000,2026-06-09 15:29:51+00:00,576.0,21.38,16.98,20.41,0.0,0.0,1.0,11,0.3068688088226318,False,REGULAR,USD,put
QQQ270331P00577000,2026-06-10 14:02:35+00:00,577.0,21.06,17.13,20.56,0.0,0.0,1.0,18,0.30626609268188476,False,REGULAR,USD,put
QQQ270331P00578000,2026-06-11 18:20:13+00:00,578.0,19.76,17.28,20.72,0.0,0.0,2.0,16,0.30571678176879885,False,REGULAR,USD,put
QQQ270331P00579000,2026-05-20 14:18:38+00:00,579.0,18.72,17.43,20.87,0.0,0.0,14.0,4,0.30510643630981443,False,REGULAR,USD,put
QQQ270331P00580000,2026-06-12 18:25:54+00:00,580.0,19.84,17.58,21.02,-2.7000008,-11.978706,16.0,54,0.30449609085083,False,REGULAR,USD,put
QQQ270331P00581000,2026-06-09 17:20:25+00:00,581.0,22.8,17.73,20.54,0.0,0.0,1.0,14,0.30007108627319334,False,REGULAR,USD,put
QQQ270331P00582000,2026-05-22 19:02:28+00:00,582.0,17.68,17.88,20.7,0.0,0.0,1.0,12,0.29952177536010743,False,REGULAR,USD,put
QQQ270331P00583000,2026-05-22 18:19:30+00:00,583.0,17.74,18.03,21.49,0.0,0.0,1.0,5,0.3027260890197754,False,REGULAR,USD,put
QQQ270331P00584000,2026-05-20 18:36:49+00:00,584.0,19.5,18.18,21.65,0.0,0.0,4.0,3,0.3021386315155029,False,REGULAR,USD,put
QQQ270331P00585000,2026-06-11 19:18:02+00:00,585.0,21.27,18.34,21.81,0.0,0.0,180.0,199,0.30155117401123044,False,REGULAR,USD,put
QQQ270331P00586000,2026-06-11 19:16:20+00:00,586.0,20.86,18.55,21.97,0.0,0.0,2.0,148,0.30095608718872074,False,REGULAR,USD,put
QQQ270331P00587000,2026-06-10 19:56:11+00:00,587.0,25.1,18.66,22.13,0.0,0.0,6.0,10,0.30036100036621094,False,REGULAR,USD,put
QQQ270331P00588000,2026-06-10 19:56:11+00:00,588.0,25.31,18.82,22.3,0.0,0.0,6.0,12,0.299811689453125,False,REGULAR,USD,put
QQQ270331P00589000,2026-06-08 13:50:13+00:00,589.0,20.81,18.98,22.46,0.0,0.0,5.0,897,0.29920134399414056,False,REGULAR,USD,put
QQQ270331P00590000,2026-06-12 18:25:54+00:00,590.0,21.42,19.14,22.63,-4.7199993,-18.056616,15.0,315,0.29863677444458,False,REGULAR,USD,put
QQQ270331P00591000,2026-06-11 18:10:53+00:00,591.0,22.9,19.3,22.8,0.0,0.0,1.0,557,0.2980722048950195,False,REGULAR,USD,put
QQQ270331P00592000,2026-06-11 18:44:51+00:00,592.0,22.33,19.46,22.97,0.0,0.0,2.0,28,0.2975000060272216,False,REGULAR,USD,put
QQQ270331P00593000,2026-06-11 18:06:15+00:00,593.0,23.39,19.63,23.14,0.0,0.0,4.0,3,0.2969201778411864,False,REGULAR,USD,put
QQQ270331P00594000,2026-06-12 14:39:08+00:00,594.0,21.33,19.79,22.71,3.58,20.169014,2.0,8,0.2929300444030761,False,REGULAR,USD,put
QQQ270331P00595000,2026-06-11 17:44:31+00:00,595.0,21.33,19.96,23.48,0.0,0.0,136.0,424,0.2957452628326416,False,REGULAR,USD,put
QQQ270331P00596000,2026-06-11 17:29:53+00:00,596.0,24.0,20.13,23.65,0.0,0.0,1.0,2,0.29514254669189455,False,REGULAR,USD,put
QQQ270331P00597000,2026-06-11 18:14:09+00:00,597.0,23.48,20.3,23.83,0.0,0.0,2.0,9,0.29460086509704586,False,REGULAR,USD,put
QQQ270331P00598000,2026-05-28 13:55:57+00:00,598.0,19.48,20.48,24.0,0.0,0.0,4.0,3,0.29399051963806144,False,REGULAR,USD,put
QQQ270331P00599000,2026-06-12 19:47:58+00:00,599.0,22.77,20.65,24.18,-1.2199993,-5.0854497,1.0,12,0.2934335794067382,False,REGULAR,USD,put
QQQ270331P00600000,2026-06-12 17:56:55+00:00,600.0,23.26,21.29,23.79,-1.1100006,-4.554783,20.0,1088,0.28971810142517085,False,REGULAR,USD,put
QQQ270331P00601000,2026-05-28 13:55:57+00:00,601.0,19.96,21.0,24.54,0.0,0.0,4.0,406,0.29228918167114243,False,REGULAR,USD,put
QQQ270331P00602000,2026-06-11 19:15:11+00:00,602.0,23.84,21.18,24.72,0.0,0.0,4.0,31,0.29170935348510735,False,REGULAR,USD,put
QQQ270331P00603000,2026-06-12 17:09:55+00:00,603.0,23.4,21.36,24.91,4.199999,21.874992,1.0,26,0.2911829305267333,False,REGULAR,USD,put
QQQ270331P00604000,2026-05-15 13:55:44+00:00,604.0,24.36,21.53,25.09,0.0,0.0,3.0,18,0.2905954730224609,False,REGULAR,USD,put
QQQ270331P00605000,2026-06-11 18:20:45+00:00,605.0,24.97,21.71,25.28,0.0,0.0,139.0,350,0.29004616210937495,False,REGULAR,USD,put
QQQ270331P00610000,2026-06-12 17:06:09+00:00,610.0,24.56,22.65,26.23,-3.7700005,-13.30745,17.0,100,0.2872309436798095,False,REGULAR,USD,put
QQQ270331P00615000,2026-06-12 16:11:42+00:00,615.0,26.87,23.61,27.21,-0.62999916,-2.290906,1.0,35,0.2844080959320068,False,REGULAR,USD,put
QQQ270331P00620000,2026-06-09 17:20:25+00:00,620.0,30.9,24.6,28.23,0.0,0.0,2.0,144,0.28162339477539056,False,REGULAR,USD,put
QQQ270331P00625000,2026-06-11 18:30:12+00:00,625.0,29.25,25.64,29.28,0.0,0.0,2.0,108,0.2788234349822998,False,REGULAR,USD,put
QQQ270331P00630000,2026-06-12 19:54:05+00:00,630.0,28.68,26.72,29.45,-1.2799988,-4.2723594,2.0,801,0.271567953338623,False,REGULAR,USD,put
QQQ270331P00635000,2026-06-10 14:02:01+00:00,635.0,33.4,27.83,31.52,0.0,0.0,2.0,49,0.27339898971557614,False,REGULAR,USD,put
QQQ270331P00640000,2026-06-12 19:18:43+00:00,640.0,31.25,29.01,32.69,-1.0499992,-3.2507718,3.0,712,0.27066769378662114,False,REGULAR,USD,put
QQQ270331P00645000,2026-06-11 18:41:05+00:00,645.0,34.61,30.12,33.61,0.0,0.0,2.0,47,0.2665936378479004,False,REGULAR,USD,put
QQQ270331P00650000,2026-06-12 16:11:42+00:00,650.0,35.2,31.39,35.18,-0.829998,-2.3036304,4.0,497,0.26534242965698246,False,REGULAR,USD,put
QQQ270331P00655000,2026-06-11 18:41:05+00:00,655.0,37.46,32.67,36.22,0.0,0.0,2.0,1232,0.26149725326538087,False,REGULAR,USD,put
QQQ270331P00660000,2026-06-11 19:04:53+00:00,660.0,38.55,34.03,37.58,0.0,0.0,2.0,211,0.25890328506469734,False,REGULAR,USD,put
QQQ270331P00665000,2026-06-11 17:40:31+00:00,665.0,38.79,35.41,39.28,-1.9799995,-4.856511,1.0,923,0.2575910423278809,False,REGULAR,USD,put
QQQ270331P00670000,2026-06-11 16:05:37+00:00,670.0,45.25,36.87,40.74,0.0,0.0,6.0,137,0.25501996208190925,False,REGULAR,USD,put
QQQ270331P00675000,2026-06-11 16:25:18+00:00,675.0,47.14,38.38,42.26,0.0,0.0,2.0,256,0.25250991638183595,False,REGULAR,USD,put
QQQ270331P00680000,2026-06-12 16:13:50+00:00,680.0,42.7,40.54,43.82,-5.4799995,-11.374013,2.0,449,0.24995409477233885,False,REGULAR,USD,put
QQQ270331P00685000,2026-06-09 18:37:41+00:00,685.0,48.32,41.56,45.24,0.0,0.0,3.0,153,0.24662008270263674,False,REGULAR,USD,put
QQQ270331P00690000,2026-06-11 18:03:43+00:00,690.0,49.7,43.24,47.12,0.0,0.0,9.0,44,0.2449721499633789,False,REGULAR,USD,put
QQQ270331P00695000,2026-06-11 18:16:12+00:00,695.0,50.52,44.97,48.85,0.0,0.0,4.0,64,0.24247736289978025,False,REGULAR,USD,put
QQQ270331P00700000,2026-06-12 19:35:37+00:00,700.0,49.99,46.76,50.64,-1.7199974,-3.3262374,2.0,129,0.24001309310913083,False,REGULAR,USD,put
QQQ270331P00705000,2026-06-11 18:22:04+00:00,705.0,54.67,48.62,52.49,0.0,0.0,1.0,1755,0.2375564526367187,False,REGULAR,USD,put
QQQ270331P00710000,2026-06-12 19:08:44+00:00,710.0,53.09,50.53,54.41,-3.7599983,-6.613893,3.0,459,0.2351532173919678,False,REGULAR,USD,put
QQQ270331P00715000,2026-06-12 18:24:58+00:00,715.0,55.5,52.51,56.29,-8.599998,-13.416535,2.0,144,0.23235325759887693,False,REGULAR,USD,put
QQQ270331P00720000,2026-06-12 19:09:31+00:00,720.0,57.24,54.74,58.37,-4.489998,-7.2736073,7.0,388,0.23011023803710937,False,REGULAR,USD,put
QQQ270331P00725000,2026-06-12 19:59:29+00:00,725.0,59.0,56.67,60.48,-14.099998,-19.288645,3.0,401,0.22772989074707028,True,REGULAR,USD,put
QQQ270331P00730000,2026-06-12 15:55:11+00:00,730.0,62.7,59.57,62.12,-13.799999,-18.039213,575.0,908,0.22328199821472167,True,REGULAR,USD,put
QQQ270331P00735000,2026-06-09 16:35:44+00:00,735.0,76.6,61.09,64.97,0.0,0.0,4.0,63,0.22328199821472167,True,REGULAR,USD,put
QQQ270331P00740000,2026-06-08 16:56:33+00:00,740.0,65.58,63.41,67.29,0.0,0.0,1.0,1393,0.22097031478881834,True,REGULAR,USD,put
QQQ270331P00745000,2026-06-08 14:28:19+00:00,745.0,68.86,65.8,69.68,0.0,0.0,3.0,14,0.218658631362915,True,REGULAR,USD,put
QQQ270331P00750000,2026-06-05 19:24:05+00:00,750.0,78.16,68.25,72.13,0.0,0.0,1.0,81,0.21631643066406248,True,REGULAR,USD,put
QQQ270331P00755000,2026-06-02 18:16:46+00:00,755.0,61.47,70.78,74.66,0.0,0.0,2.0,8,0.21400474723815918,True,REGULAR,USD,put
QQQ270331P00760000,2026-05-26 13:56:07+00:00,760.0,68.07,73.38,77.26,0.0,0.0,1.0,1,0.21170069313049314,True,REGULAR,USD,put
QQQ270331P00765000,2026-06-05 17:33:15+00:00,765.0,81.13,76.07,79.95,0.0,0.0,2.0,12,0.20945767356872555,True,REGULAR,USD,put
QQQ270331P00770000,2026-06-12 19:54:05+00:00,770.0,81.56,78.82,82.7,14.089996,20.88335,2.0,8,0.20716124877929684,True,REGULAR,USD,put
QQQ270331P00775000,2026-06-12 19:46:40+00:00,775.0,85.1,81.64,85.52,-20.900002,-19.716984,1.0,345,0.20484956535339352,True,REGULAR,USD,put
QQQ270331P00780000,2026-06-05 19:25:57+00:00,780.0,94.65,84.55,88.43,0.0,0.0,2.0,5,0.20259891647338862,True,REGULAR,USD,put
QQQ270331P00785000,2026-05-27 18:17:54+00:00,785.0,83.03,87.53,91.41,0.0,0.0,,1,0.20031775032043456,True,REGULAR,USD,put
QQQ270331P00790000,2026-06-11 19:12:02+00:00,790.0,98.48,90.36,94.75,0.0,0.0,2.0,4,0.1992496457672119,True,REGULAR,USD,put
QQQ270331P00800000,2026-06-11 18:34:24+00:00,800.0,107.07,96.73,101.0,0.0,0.0,1.0,10,0.1943211061859131,True,REGULAR,USD,put
QQQ270331P00805000,2026-06-12 17:41:12+00:00,805.0,103.78,99.99,104.48,-11.57,-10.030342,6.0,4,0.19292494094848633,True,REGULAR,USD,put
QQQ270331P00810000,2026-06-12 15:53:17+00:00,810.0,107.83,103.41,108.0,14.040001,14.969614,2.0,2,0.1913990773010254,True,REGULAR,USD,put
QQQ270331P00815000,2026-06-12 15:54:31+00:00,815.0,112.37,106.86,111.5,-17.840004,-13.700947,566.0,2,0.1894459718322754,True,REGULAR,USD,put
QQQ270331P00820000,2026-06-12 17:44:28+00:00,820.0,113.6,110.4,115.0,3.5999985,3.2727258,6.0,4,0.18713428840637208,True,REGULAR,USD,put
QQQ270331P00825000,2026-06-11 18:35:23+00:00,825.0,125.53,114.02,118.5,0.0,0.0,1.0,4,0.18442588043212887,True,REGULAR,USD,put
QQQ270331P00830000,2026-05-26 14:41:16+00:00,830.0,111.79,117.71,122.0,0.0,0.0,,0,0.18129023063659666,True,REGULAR,USD,put
QQQ270331P00835000,2026-06-03 14:11:01+00:00,835.0,107.56,121.48,125.99,0.0,0.0,,0,0.1803518244934082,True,REGULAR,USD,put
QQQ270331P00845000,2026-06-12 17:40:39+00:00,845.0,132.84,129.25,133.5,-4.919998,-3.5714273,2.0,1,0.17467561172485352,True,REGULAR,USD,put
QQQ270331P00850000,2026-06-11 18:36:43+00:00,850.0,145.82,133.23,137.5,0.0,0.0,1.0,2,0.17259280784606937,True,REGULAR,USD,put
QQQ270331P00870000,2026-06-05 14:10:54+00:00,870.0,148.0,149.96,154.0,0.0,0.0,2.0,2,0.16291120300292972,True,REGULAR,USD,put
QQQ270331P00915000,2026-06-05 17:33:15+00:00,915.0,199.97,190.5,195.5,0.0,0.0,2.0,0,0.15393912475585939,True,REGULAR,USD,put
